AERR0 1 0 0
AERR1 1 0 0
AERR10 1 0 0
AERR11 1 0 0
AERR12 1 0 0
AERR13 1 0 0
AERR14 1 0 0
AERR15 1 0 0
AERR16 1 0 0
AERR17 1 0 0
AERR18 1 0 0
AERR19 1 0 0
AERR2 1 0 0
AERR20 1 0 0
AERR21 1 0 0
AERR22 1 0 0
AERR23 1 0 0
AERR24 1 0 0
AERR25 1 0 0
AERR26 1 0 0
AERR27 1 0 0
AERR28 1 0 0
AERR29 1 0 0
AERR3 1 0 0
AERR30 1 0 0
AERR31 1 0 0
AERR4 1 0 0
AERR5 1 0 0
AERR6 1 0 0
AERR7 1 0 0
AERR8 1 0 0
AERR9 1 0 0
APAR0 1 0 0
APAR1 1 0 0
APAR10 1 0 0
APAR11 1 0 0
APAR12 1 0 0
APAR13 1 0 0
APAR14 1 0 0
APAR15 1 0 0
APAR16 1 0 0
APAR17 1 0 0
APAR18 1 0 0
APAR19 1 0 0
APAR2 1 0 0
APAR20 1 0 0
APAR21 1 0 0
APAR22 1 0 0
APAR23 1 0 0
APAR24 1 0 0
APAR25 1 0 0
APAR26 1 0 0
APAR27 1 0 0
APAR28 1 0 0
APAR29 1 0 0
APAR3 1 0 0
APAR30 1 0 0
APAR31 1 0 0
APAR4 1 0 0
APAR5 1 0 0
APAR6 1 0 0
APAR7 1 0 0
APAR8 1 0 0
APAR9 1 0 0
ARFU0 1 0 0
ARFU1 1 0 0
ARFU10 1 0 0
ARFU11 1 0 0
ARFU12 1 0 0
ARFU13 1 0 0
ARFU14 1 0 0
ARFU15 1 0 0
ARFU16 1 0 0
ARFU17 1 0 0
ARFU18 1 0 0
ARFU19 1 0 0
ARFU2 1 0 0
ARFU20 1 0 0
ARFU21 1 0 0
ARFU22 1 0 0
ARFU23 1 0 0
ARFU24 1 0 0
ARFU25 1 0 0
ARFU26 1 0 0
ARFU27 1 0 0
ARFU28 1 0 0
ARFU29 1 0 0
ARFU3 1 0 0
ARFU30 1 0 0
ARFU31 1 0 0
ARFU4 1 0 0
ARFU5 1 0 0
ARFU6 1 0 0
ARFU7 1 0 0
ARFU8 1 0 0
ARFU9 1 0 0
C0_0 1 0 0
C0_1 1 0 0
C0_2 1 0 0
C0_3 1 0 0
C0_4 1 0 0
C0_5 1 0 0
C0_6 1 0 0
C0_7 1 0 0
C10_0 1 0 0
C10_1 1 0 0
C10_2 1 0 0
C10_3 1 0 0
C10_4 1 0 0
C10_5 1 0 0
C10_6 1 0 0
C10_7 1 0 0
C11_0 1 0 0
C11_1 1 0 0
C11_2 1 0 0
C11_3 1 0 0
C11_4 1 0 0
C11_5 1 0 0
C11_6 1 0 0
C11_7 1 0 0
C12_0 1 0 0
C12_1 1 0 0
C12_2 1 0 0
C12_3 1 0 0
C12_4 1 0 0
C12_5 1 0 0
C12_6 1 0 0
C12_7 1 0 0
C13_0 1 0 0
C13_1 1 0 0
C13_2 1 0 0
C13_3 1 0 0
C13_4 1 0 0
C13_5 1 0 0
C13_6 1 0 0
C13_7 1 0 0
C14_0 1 0 0
C14_1 1 0 0
C14_2 1 0 0
C14_3 1 0 0
C14_4 1 0 0
C14_5 1 0 0
C14_6 1 0 0
C14_7 1 0 0
C15_0 1 0 0
C15_1 1 0 0
C15_2 1 0 0
C15_3 1 0 0
C15_4 1 0 0
C15_5 1 0 0
C15_6 1 0 0
C15_7 1 0 0
C16_0 1 0 0
C16_1 1 0 0
C16_2 1 0 0
C16_3 1 0 0
C16_4 1 0 0
C16_5 1 0 0
C16_6 1 0 0
C16_7 1 0 0
C17_0 1 0 0
C17_1 1 0 0
C17_2 1 0 0
C17_3 1 0 0
C17_4 1 0 0
C17_5 1 0 0
C17_6 1 0 0
C17_7 1 0 0
C18_0 1 0 0
C18_1 1 0 0
C18_2 1 0 0
C18_3 1 0 0
C18_4 1 0 0
C18_5 1 0 0
C18_6 1 0 0
C18_7 1 0 0
C19_0 1 0 0
C19_1 1 0 0
C19_2 1 0 0
C19_3 1 0 0
C19_4 1 0 0
C19_5 1 0 0
C19_6 1 0 0
C19_7 1 0 0
C1_0 1 0 0
C1_1 1 0 0
C1_2 1 0 0
C1_3 1 0 0
C1_4 1 0 0
C1_5 1 0 0
C1_6 1 0 0
C1_7 1 0 0
C20_0 1 0 0
C20_1 1 0 0
C20_2 1 0 0
C20_3 1 0 0
C20_4 1 0 0
C20_5 1 0 0
C20_6 1 0 0
C20_7 1 0 0
C21_0 1 0 0
C21_1 1 0 0
C21_2 1 0 0
C21_3 1 0 0
C21_4 1 0 0
C21_5 1 0 0
C21_6 1 0 0
C21_7 1 0 0
C22_0 1 0 0
C22_1 1 0 0
C22_2 1 0 0
C22_3 1 0 0
C22_4 1 0 0
C22_5 1 0 0
C22_6 1 0 0
C22_7 1 0 0
C23_0 1 0 0
C23_1 1 0 0
C23_2 1 0 0
C23_3 1 0 0
C23_4 1 0 0
C23_5 1 0 0
C23_6 1 0 0
C23_7 1 0 0
C24_0 1 0 0
C24_1 1 0 0
C24_2 1 0 0
C24_3 1 0 0
C24_4 1 0 0
C24_5 1 0 0
C24_6 1 0 0
C24_7 1 0 0
C25_0 1 0 0
C25_1 1 0 0
C25_2 1 0 0
C25_3 1 0 0
C25_4 1 0 0
C25_5 1 0 0
C25_6 1 0 0
C25_7 1 0 0
C26_0 1 0 0
C26_1 1 0 0
C26_2 1 0 0
C26_3 1 0 0
C26_4 1 0 0
C26_5 1 0 0
C26_6 1 0 0
C26_7 1 0 0
C27_0 1 0 0
C27_1 1 0 0
C27_2 1 0 0
C27_3 1 0 0
C27_4 1 0 0
C27_5 1 0 0
C27_6 1 0 0
C27_7 1 0 0
C28_0 1 0 0
C28_1 1 0 0
C28_2 1 0 0
C28_3 1 0 0
C28_4 1 0 0
C28_5 1 0 0
C28_6 1 0 0
C28_7 1 0 0
C29_0 1 0 0
C29_1 1 0 0
C29_2 1 0 0
C29_3 1 0 0
C29_4 1 0 0
C29_5 1 0 0
C29_6 1 0 0
C29_7 1 0 0
C2_0 1 0 0
C2_1 1 0 0
C2_2 1 0 0
C2_3 1 0 0
C2_4 1 0 0
C2_5 1 0 0
C2_6 1 0 0
C2_7 1 0 0
C30_0 1 0 0
C30_1 1 0 0
C30_2 1 0 0
C30_3 1 0 0
C30_4 1 0 0
C30_5 1 0 0
C30_6 1 0 0
C30_7 1 0 0
C31_0 1 0 0
C31_1 1 0 0
C31_2 1 0 0
C31_3 1 0 0
C31_4 1 0 0
C31_5 1 0 0
C31_6 1 0 0
C31_7 1 0 0
C3_0 1 0 0
C3_1 1 0 0
C3_2 1 0 0
C3_3 1 0 0
C3_4 1 0 0
C3_5 1 0 0
C3_6 1 0 0
C3_7 1 0 0
C4_0 1 0 0
C4_1 1 0 0
C4_2 1 0 0
C4_3 1 0 0
C4_4 1 0 0
C4_5 1 0 0
C4_6 1 0 0
C4_7 1 0 0
C5_0 1 0 0
C5_1 1 0 0
C5_2 1 0 0
C5_3 1 0 0
C5_4 1 0 0
C5_5 1 0 0
C5_6 1 0 0
C5_7 1 0 0
C6_0 1 0 0
C6_1 1 0 0
C6_2 1 0 0
C6_3 1 0 0
C6_4 1 0 0
C6_5 1 0 0
C6_6 1 0 0
C6_7 1 0 0
C7_0 1 0 0
C7_1 1 0 0
C7_2 1 0 0
C7_3 1 0 0
C7_4 1 0 0
C7_5 1 0 0
C7_6 1 0 0
C7_7 1 0 0
C8_0 1 0 0
C8_1 1 0 0
C8_2 1 0 0
C8_3 1 0 0
C8_4 1 0 0
C8_5 1 0 0
C8_6 1 0 0
C8_7 1 0 0
C9_0 1 0 0
C9_1 1 0 0
C9_2 1 0 0
C9_3 1 0 0
C9_4 1 0 0
C9_5 1 0 0
C9_6 1 0 0
C9_7 1 0 0
CAPTUREWR 2 1 1
CATTRIP 2 1 1
CK0_c 1 0 0
CK0_t 1 0 0
CK10_c 1 0 0
CK10_t 1 0 0
CK11_c 1 0 0
CK11_t 1 0 0
CK12_c 1 0 0
CK12_t 1 0 0
CK13_c 1 0 0
CK13_t 1 0 0
CK14_c 1 0 0
CK14_t 1 0 0
CK15_c 1 0 0
CK15_t 1 0 0
CK16_c 1 0 0
CK16_t 1 0 0
CK17_c 1 0 0
CK17_t 1 0 0
CK18_c 1 0 0
CK18_t 1 0 0
CK19_c 1 0 0
CK19_t 1 0 0
CK1_c 1 0 0
CK1_t 1 0 0
CK20_c 1 0 0
CK20_t 1 0 0
CK21_c 1 0 0
CK21_t 1 0 0
CK22_c 1 0 0
CK22_t 1 0 0
CK23_c 1 0 0
CK23_t 1 0 0
CK24_c 1 0 0
CK24_t 1 0 0
CK25_c 1 0 0
CK25_t 1 0 0
CK26_c 1 0 0
CK26_t 1 0 0
CK27_c 1 0 0
CK27_t 1 0 0
CK28_c 1 0 0
CK28_t 1 0 0
CK29_c 1 0 0
CK29_t 1 0 0
CK2_c 1 0 0
CK2_t 1 0 0
CK30_c 1 0 0
CK30_t 1 0 0
CK31_c 1 0 0
CK31_t 1 0 0
CK3_c 1 0 0
CK3_t 1 0 0
CK4_c 1 0 0
CK4_t 1 0 0
CK5_c 1 0 0
CK5_t 1 0 0
CK6_c 1 0 0
CK6_t 1 0 0
CK7_c 1 0 0
CK7_t 1 0 0
CK8_c 1 0 0
CK8_t 1 0 0
CK9_c 1 0 0
CK9_t 1 0 0
DA0 2 1 1
DA1 2 1 1
DA10 2 1 1
DA11 2 1 1
DA12 2 1 1
DA13 2 1 1
DA14 2 1 1
DA15 2 1 1
DA16 2 1 1
DA17 2 1 1
DA18 2 1 1
DA19 2 1 1
DA2 2 1 1
DA20 2 1 1
DA21 2 1 1
DA22 2 1 1
DA23 2 1 1
DA24 2 1 1
DA25 2 1 1
DA26 2 1 1
DA27 2 1 1
DA28 2 1 1
DA29 2 1 1
DA3 2 1 1
DA30 2 1 1
DA31 2 1 1
DA32 2 1 1
DA33 2 1 1
DA34 2 1 1
DA35 2 1 1
DA36 2 1 1
DA37 2 1 1
DA38 2 1 1
DA39 2 1 1
DA4 2 1 1
DA5 2 1 1
DA6 2 1 1
DA7 2 1 1
DA8 2 1 1
DA9 2 1 1
DBI0_0 1 0 0
DBI0_1 1 0 0
DBI0_2 1 0 0
DBI0_3 1 0 0
DBI0_4 1 0 0
DBI0_5 1 0 0
DBI0_6 1 0 0
DBI0_7 1 0 0
DBI10_0 1 0 0
DBI10_1 1 0 0
DBI10_2 1 0 0
DBI10_3 1 0 0
DBI10_4 1 0 0
DBI10_5 1 0 0
DBI10_6 1 0 0
DBI10_7 1 0 0
DBI11_0 1 0 0
DBI11_1 1 0 0
DBI11_2 1 0 0
DBI11_3 1 0 0
DBI11_4 1 0 0
DBI11_5 1 0 0
DBI11_6 1 0 0
DBI11_7 1 0 0
DBI12_0 1 0 0
DBI12_1 1 0 0
DBI12_2 1 0 0
DBI12_3 1 0 0
DBI12_4 1 0 0
DBI12_5 1 0 0
DBI12_6 1 0 0
DBI12_7 1 0 0
DBI13_0 1 0 0
DBI13_1 1 0 0
DBI13_2 1 0 0
DBI13_3 1 0 0
DBI13_4 1 0 0
DBI13_5 1 0 0
DBI13_6 1 0 0
DBI13_7 1 0 0
DBI14_0 1 0 0
DBI14_1 1 0 0
DBI14_2 1 0 0
DBI14_3 1 0 0
DBI14_4 1 0 0
DBI14_5 1 0 0
DBI14_6 1 0 0
DBI14_7 1 0 0
DBI15_0 1 0 0
DBI15_1 1 0 0
DBI15_2 1 0 0
DBI15_3 1 0 0
DBI15_4 1 0 0
DBI15_5 1 0 0
DBI15_6 1 0 0
DBI15_7 1 0 0
DBI16_0 1 0 0
DBI16_1 1 0 0
DBI16_2 1 0 0
DBI16_3 1 0 0
DBI16_4 1 0 0
DBI16_5 1 0 0
DBI16_6 1 0 0
DBI16_7 1 0 0
DBI17_0 1 0 0
DBI17_1 1 0 0
DBI17_2 1 0 0
DBI17_3 1 0 0
DBI17_4 1 0 0
DBI17_5 1 0 0
DBI17_6 1 0 0
DBI17_7 1 0 0
DBI18_0 1 0 0
DBI18_1 1 0 0
DBI18_2 1 0 0
DBI18_3 1 0 0
DBI18_4 1 0 0
DBI18_5 1 0 0
DBI18_6 1 0 0
DBI18_7 1 0 0
DBI19_0 1 0 0
DBI19_1 1 0 0
DBI19_2 1 0 0
DBI19_3 1 0 0
DBI19_4 1 0 0
DBI19_5 1 0 0
DBI19_6 1 0 0
DBI19_7 1 0 0
DBI1_0 1 0 0
DBI1_1 1 0 0
DBI1_2 1 0 0
DBI1_3 1 0 0
DBI1_4 1 0 0
DBI1_5 1 0 0
DBI1_6 1 0 0
DBI1_7 1 0 0
DBI20_0 1 0 0
DBI20_1 1 0 0
DBI20_2 1 0 0
DBI20_3 1 0 0
DBI20_4 1 0 0
DBI20_5 1 0 0
DBI20_6 1 0 0
DBI20_7 1 0 0
DBI21_0 1 0 0
DBI21_1 1 0 0
DBI21_2 1 0 0
DBI21_3 1 0 0
DBI21_4 1 0 0
DBI21_5 1 0 0
DBI21_6 1 0 0
DBI21_7 1 0 0
DBI22_0 1 0 0
DBI22_1 1 0 0
DBI22_2 1 0 0
DBI22_3 1 0 0
DBI22_4 1 0 0
DBI22_5 1 0 0
DBI22_6 1 0 0
DBI22_7 1 0 0
DBI23_0 1 0 0
DBI23_1 1 0 0
DBI23_2 1 0 0
DBI23_3 1 0 0
DBI23_4 1 0 0
DBI23_5 1 0 0
DBI23_6 1 0 0
DBI23_7 1 0 0
DBI24_0 1 0 0
DBI24_1 1 0 0
DBI24_2 1 0 0
DBI24_3 1 0 0
DBI24_4 1 0 0
DBI24_5 1 0 0
DBI24_6 1 0 0
DBI24_7 1 0 0
DBI25_0 1 0 0
DBI25_1 1 0 0
DBI25_2 1 0 0
DBI25_3 1 0 0
DBI25_4 1 0 0
DBI25_5 1 0 0
DBI25_6 1 0 0
DBI25_7 1 0 0
DBI26_0 1 0 0
DBI26_1 1 0 0
DBI26_2 1 0 0
DBI26_3 1 0 0
DBI26_4 1 0 0
DBI26_5 1 0 0
DBI26_6 1 0 0
DBI26_7 1 0 0
DBI27_0 1 0 0
DBI27_1 1 0 0
DBI27_2 1 0 0
DBI27_3 1 0 0
DBI27_4 1 0 0
DBI27_5 1 0 0
DBI27_6 1 0 0
DBI27_7 1 0 0
DBI28_0 1 0 0
DBI28_1 1 0 0
DBI28_2 1 0 0
DBI28_3 1 0 0
DBI28_4 1 0 0
DBI28_5 1 0 0
DBI28_6 1 0 0
DBI28_7 1 0 0
DBI29_0 1 0 0
DBI29_1 1 0 0
DBI29_2 1 0 0
DBI29_3 1 0 0
DBI29_4 1 0 0
DBI29_5 1 0 0
DBI29_6 1 0 0
DBI29_7 1 0 0
DBI2_0 1 0 0
DBI2_1 1 0 0
DBI2_2 1 0 0
DBI2_3 1 0 0
DBI2_4 1 0 0
DBI2_5 1 0 0
DBI2_6 1 0 0
DBI2_7 1 0 0
DBI30_0 1 0 0
DBI30_1 1 0 0
DBI30_2 1 0 0
DBI30_3 1 0 0
DBI30_4 1 0 0
DBI30_5 1 0 0
DBI30_6 1 0 0
DBI30_7 1 0 0
DBI31_0 1 0 0
DBI31_1 1 0 0
DBI31_2 1 0 0
DBI31_3 1 0 0
DBI31_4 1 0 0
DBI31_5 1 0 0
DBI31_6 1 0 0
DBI31_7 1 0 0
DBI3_0 1 0 0
DBI3_1 1 0 0
DBI3_2 1 0 0
DBI3_3 1 0 0
DBI3_4 1 0 0
DBI3_5 1 0 0
DBI3_6 1 0 0
DBI3_7 1 0 0
DBI4_0 1 0 0
DBI4_1 1 0 0
DBI4_2 1 0 0
DBI4_3 1 0 0
DBI4_4 1 0 0
DBI4_5 1 0 0
DBI4_6 1 0 0
DBI4_7 1 0 0
DBI5_0 1 0 0
DBI5_1 1 0 0
DBI5_2 1 0 0
DBI5_3 1 0 0
DBI5_4 1 0 0
DBI5_5 1 0 0
DBI5_6 1 0 0
DBI5_7 1 0 0
DBI6_0 1 0 0
DBI6_1 1 0 0
DBI6_2 1 0 0
DBI6_3 1 0 0
DBI6_4 1 0 0
DBI6_5 1 0 0
DBI6_6 1 0 0
DBI6_7 1 0 0
DBI7_0 1 0 0
DBI7_1 1 0 0
DBI7_2 1 0 0
DBI7_3 1 0 0
DBI7_4 1 0 0
DBI7_5 1 0 0
DBI7_6 1 0 0
DBI7_7 1 0 0
DBI8_0 1 0 0
DBI8_1 1 0 0
DBI8_2 1 0 0
DBI8_3 1 0 0
DBI8_4 1 0 0
DBI8_5 1 0 0
DBI8_6 1 0 0
DBI8_7 1 0 0
DBI9_0 1 0 0
DBI9_1 1 0 0
DBI9_2 1 0 0
DBI9_3 1 0 0
DBI9_4 1 0 0
DBI9_5 1 0 0
DBI9_6 1 0 0
DBI9_7 1 0 0
DERR0_0 1 0 0
DERR0_1 1 0 0
DERR10_0 1 0 0
DERR10_1 1 0 0
DERR11_0 1 0 0
DERR11_1 1 0 0
DERR12_0 1 0 0
DERR12_1 1 0 0
DERR13_0 1 0 0
DERR13_1 1 0 0
DERR14_0 1 0 0
DERR14_1 1 0 0
DERR15_0 1 0 0
DERR15_1 1 0 0
DERR16_0 1 0 0
DERR16_1 1 0 0
DERR17_0 1 0 0
DERR17_1 1 0 0
DERR18_0 1 0 0
DERR18_1 1 0 0
DERR19_0 1 0 0
DERR19_1 1 0 0
DERR1_0 1 0 0
DERR1_1 1 0 0
DERR20_0 1 0 0
DERR20_1 1 0 0
DERR21_0 1 0 0
DERR21_1 1 0 0
DERR22_0 1 0 0
DERR22_1 1 0 0
DERR23_0 1 0 0
DERR23_1 1 0 0
DERR24_0 1 0 0
DERR24_1 1 0 0
DERR25_0 1 0 0
DERR25_1 1 0 0
DERR26_0 1 0 0
DERR26_1 1 0 0
DERR27_0 1 0 0
DERR27_1 1 0 0
DERR28_0 1 0 0
DERR28_1 1 0 0
DERR29_0 1 0 0
DERR29_1 1 0 0
DERR2_0 1 0 0
DERR2_1 1 0 0
DERR30_0 1 0 0
DERR30_1 1 0 0
DERR31_0 1 0 0
DERR31_1 1 0 0
DERR3_0 1 0 0
DERR3_1 1 0 0
DERR4_0 1 0 0
DERR4_1 1 0 0
DERR5_0 1 0 0
DERR5_1 1 0 0
DERR6_0 1 0 0
DERR6_1 1 0 0
DERR7_0 1 0 0
DERR7_1 1 0 0
DERR8_0 1 0 0
DERR8_1 1 0 0
DERR9_0 1 0 0
DERR9_1 1 0 0
DPAR0_0 1 0 0
DPAR0_1 1 0 0
DPAR10_0 1 0 0
DPAR10_1 1 0 0
DPAR11_0 1 0 0
DPAR11_1 1 0 0
DPAR12_0 1 0 0
DPAR12_1 1 0 0
DPAR13_0 1 0 0
DPAR13_1 1 0 0
DPAR14_0 1 0 0
DPAR14_1 1 0 0
DPAR15_0 1 0 0
DPAR15_1 1 0 0
DPAR16_0 1 0 0
DPAR16_1 1 0 0
DPAR17_0 1 0 0
DPAR17_1 1 0 0
DPAR18_0 1 0 0
DPAR18_1 1 0 0
DPAR19_0 1 0 0
DPAR19_1 1 0 0
DPAR1_0 1 0 0
DPAR1_1 1 0 0
DPAR20_0 1 0 0
DPAR20_1 1 0 0
DPAR21_0 1 0 0
DPAR21_1 1 0 0
DPAR22_0 1 0 0
DPAR22_1 1 0 0
DPAR23_0 1 0 0
DPAR23_1 1 0 0
DPAR24_0 1 0 0
DPAR24_1 1 0 0
DPAR25_0 1 0 0
DPAR25_1 1 0 0
DPAR26_0 1 0 0
DPAR26_1 1 0 0
DPAR27_0 1 0 0
DPAR27_1 1 0 0
DPAR28_0 1 0 0
DPAR28_1 1 0 0
DPAR29_0 1 0 0
DPAR29_1 1 0 0
DPAR2_0 1 0 0
DPAR2_1 1 0 0
DPAR30_0 1 0 0
DPAR30_1 1 0 0
DPAR31_0 1 0 0
DPAR31_1 1 0 0
DPAR3_0 1 0 0
DPAR3_1 1 0 0
DPAR4_0 1 0 0
DPAR4_1 1 0 0
DPAR5_0 1 0 0
DPAR5_1 1 0 0
DPAR6_0 1 0 0
DPAR6_1 1 0 0
DPAR7_0 1 0 0
DPAR7_1 1 0 0
DPAR8_0 1 0 0
DPAR8_1 1 0 0
DPAR9_0 1 0 0
DPAR9_1 1 0 0
DQ0_0 1 0 0
DQ0_1 1 0 0
DQ0_10 1 0 0
DQ0_11 1 0 0
DQ0_12 1 0 0
DQ0_13 1 0 0
DQ0_14 1 0 0
DQ0_15 1 0 0
DQ0_16 1 0 0
DQ0_17 1 0 0
DQ0_18 1 0 0
DQ0_19 1 0 0
DQ0_2 1 0 0
DQ0_20 1 0 0
DQ0_21 1 0 0
DQ0_22 1 0 0
DQ0_23 1 0 0
DQ0_24 1 0 0
DQ0_25 1 0 0
DQ0_26 1 0 0
DQ0_27 1 0 0
DQ0_28 1 0 0
DQ0_29 1 0 0
DQ0_3 1 0 0
DQ0_30 1 0 0
DQ0_31 1 0 0
DQ0_32 1 0 0
DQ0_33 1 0 0
DQ0_34 1 0 0
DQ0_35 1 0 0
DQ0_36 1 0 0
DQ0_37 1 0 0
DQ0_38 1 0 0
DQ0_39 1 0 0
DQ0_4 1 0 0
DQ0_40 1 0 0
DQ0_41 1 0 0
DQ0_42 1 0 0
DQ0_43 1 0 0
DQ0_44 1 0 0
DQ0_45 1 0 0
DQ0_46 1 0 0
DQ0_47 1 0 0
DQ0_48 1 0 0
DQ0_49 1 0 0
DQ0_5 1 0 0
DQ0_50 1 0 0
DQ0_51 1 0 0
DQ0_52 1 0 0
DQ0_53 1 0 0
DQ0_54 1 0 0
DQ0_55 1 0 0
DQ0_56 1 0 0
DQ0_57 1 0 0
DQ0_58 1 0 0
DQ0_59 1 0 0
DQ0_6 1 0 0
DQ0_60 1 0 0
DQ0_61 1 0 0
DQ0_62 1 0 0
DQ0_63 1 0 0
DQ0_7 1 0 0
DQ0_8 1 0 0
DQ0_9 1 0 0
DQ10_0 1 0 0
DQ10_1 1 0 0
DQ10_10 1 0 0
DQ10_11 1 0 0
DQ10_12 1 0 0
DQ10_13 1 0 0
DQ10_14 1 0 0
DQ10_15 1 0 0
DQ10_16 1 0 0
DQ10_17 1 0 0
DQ10_18 1 0 0
DQ10_19 1 0 0
DQ10_2 1 0 0
DQ10_20 1 0 0
DQ10_21 1 0 0
DQ10_22 1 0 0
DQ10_23 1 0 0
DQ10_24 1 0 0
DQ10_25 1 0 0
DQ10_26 1 0 0
DQ10_27 1 0 0
DQ10_28 1 0 0
DQ10_29 1 0 0
DQ10_3 1 0 0
DQ10_30 1 0 0
DQ10_31 1 0 0
DQ10_32 1 0 0
DQ10_33 1 0 0
DQ10_34 1 0 0
DQ10_35 1 0 0
DQ10_36 1 0 0
DQ10_37 1 0 0
DQ10_38 1 0 0
DQ10_39 1 0 0
DQ10_4 1 0 0
DQ10_40 1 0 0
DQ10_41 1 0 0
DQ10_42 1 0 0
DQ10_43 1 0 0
DQ10_44 1 0 0
DQ10_45 1 0 0
DQ10_46 1 0 0
DQ10_47 1 0 0
DQ10_48 1 0 0
DQ10_49 1 0 0
DQ10_5 1 0 0
DQ10_50 1 0 0
DQ10_51 1 0 0
DQ10_52 1 0 0
DQ10_53 1 0 0
DQ10_54 1 0 0
DQ10_55 1 0 0
DQ10_56 1 0 0
DQ10_57 1 0 0
DQ10_58 1 0 0
DQ10_59 1 0 0
DQ10_6 1 0 0
DQ10_60 1 0 0
DQ10_61 1 0 0
DQ10_62 1 0 0
DQ10_63 1 0 0
DQ10_7 1 0 0
DQ10_8 1 0 0
DQ10_9 1 0 0
DQ11_0 1 0 0
DQ11_1 1 0 0
DQ11_10 1 0 0
DQ11_11 1 0 0
DQ11_12 1 0 0
DQ11_13 1 0 0
DQ11_14 1 0 0
DQ11_15 1 0 0
DQ11_16 1 0 0
DQ11_17 1 0 0
DQ11_18 1 0 0
DQ11_19 1 0 0
DQ11_2 1 0 0
DQ11_20 1 0 0
DQ11_21 1 0 0
DQ11_22 1 0 0
DQ11_23 1 0 0
DQ11_24 1 0 0
DQ11_25 1 0 0
DQ11_26 1 0 0
DQ11_27 1 0 0
DQ11_28 1 0 0
DQ11_29 1 0 0
DQ11_3 1 0 0
DQ11_30 1 0 0
DQ11_31 1 0 0
DQ11_32 1 0 0
DQ11_33 1 0 0
DQ11_34 1 0 0
DQ11_35 1 0 0
DQ11_36 1 0 0
DQ11_37 1 0 0
DQ11_38 1 0 0
DQ11_39 1 0 0
DQ11_4 1 0 0
DQ11_40 1 0 0
DQ11_41 1 0 0
DQ11_42 1 0 0
DQ11_43 1 0 0
DQ11_44 1 0 0
DQ11_45 1 0 0
DQ11_46 1 0 0
DQ11_47 1 0 0
DQ11_48 1 0 0
DQ11_49 1 0 0
DQ11_5 1 0 0
DQ11_50 1 0 0
DQ11_51 1 0 0
DQ11_52 1 0 0
DQ11_53 1 0 0
DQ11_54 1 0 0
DQ11_55 1 0 0
DQ11_56 1 0 0
DQ11_57 1 0 0
DQ11_58 1 0 0
DQ11_59 1 0 0
DQ11_6 1 0 0
DQ11_60 1 0 0
DQ11_61 1 0 0
DQ11_62 1 0 0
DQ11_63 1 0 0
DQ11_7 1 0 0
DQ11_8 1 0 0
DQ11_9 1 0 0
DQ12_0 1 0 0
DQ12_1 1 0 0
DQ12_10 1 0 0
DQ12_11 1 0 0
DQ12_12 1 0 0
DQ12_13 1 0 0
DQ12_14 1 0 0
DQ12_15 1 0 0
DQ12_16 1 0 0
DQ12_17 1 0 0
DQ12_18 1 0 0
DQ12_19 1 0 0
DQ12_2 1 0 0
DQ12_20 1 0 0
DQ12_21 1 0 0
DQ12_22 1 0 0
DQ12_23 1 0 0
DQ12_24 1 0 0
DQ12_25 1 0 0
DQ12_26 1 0 0
DQ12_27 1 0 0
DQ12_28 1 0 0
DQ12_29 1 0 0
DQ12_3 1 0 0
DQ12_30 1 0 0
DQ12_31 1 0 0
DQ12_32 1 0 0
DQ12_33 1 0 0
DQ12_34 1 0 0
DQ12_35 1 0 0
DQ12_36 1 0 0
DQ12_37 1 0 0
DQ12_38 1 0 0
DQ12_39 1 0 0
DQ12_4 1 0 0
DQ12_40 1 0 0
DQ12_41 1 0 0
DQ12_42 1 0 0
DQ12_43 1 0 0
DQ12_44 1 0 0
DQ12_45 1 0 0
DQ12_46 1 0 0
DQ12_47 1 0 0
DQ12_48 1 0 0
DQ12_49 1 0 0
DQ12_5 1 0 0
DQ12_50 1 0 0
DQ12_51 1 0 0
DQ12_52 1 0 0
DQ12_53 1 0 0
DQ12_54 1 0 0
DQ12_55 1 0 0
DQ12_56 1 0 0
DQ12_57 1 0 0
DQ12_58 1 0 0
DQ12_59 1 0 0
DQ12_6 1 0 0
DQ12_60 1 0 0
DQ12_61 1 0 0
DQ12_62 1 0 0
DQ12_63 1 0 0
DQ12_7 1 0 0
DQ12_8 1 0 0
DQ12_9 1 0 0
DQ13_0 1 0 0
DQ13_1 1 0 0
DQ13_10 1 0 0
DQ13_11 1 0 0
DQ13_12 1 0 0
DQ13_13 1 0 0
DQ13_14 1 0 0
DQ13_15 1 0 0
DQ13_16 1 0 0
DQ13_17 1 0 0
DQ13_18 1 0 0
DQ13_19 1 0 0
DQ13_2 1 0 0
DQ13_20 1 0 0
DQ13_21 1 0 0
DQ13_22 1 0 0
DQ13_23 1 0 0
DQ13_24 1 0 0
DQ13_25 1 0 0
DQ13_26 1 0 0
DQ13_27 1 0 0
DQ13_28 1 0 0
DQ13_29 1 0 0
DQ13_3 1 0 0
DQ13_30 1 0 0
DQ13_31 1 0 0
DQ13_32 1 0 0
DQ13_33 1 0 0
DQ13_34 1 0 0
DQ13_35 1 0 0
DQ13_36 1 0 0
DQ13_37 1 0 0
DQ13_38 1 0 0
DQ13_39 1 0 0
DQ13_4 1 0 0
DQ13_40 1 0 0
DQ13_41 1 0 0
DQ13_42 1 0 0
DQ13_43 1 0 0
DQ13_44 1 0 0
DQ13_45 1 0 0
DQ13_46 1 0 0
DQ13_47 1 0 0
DQ13_48 1 0 0
DQ13_49 1 0 0
DQ13_5 1 0 0
DQ13_50 1 0 0
DQ13_51 1 0 0
DQ13_52 1 0 0
DQ13_53 1 0 0
DQ13_54 1 0 0
DQ13_55 1 0 0
DQ13_56 1 0 0
DQ13_57 1 0 0
DQ13_58 1 0 0
DQ13_59 1 0 0
DQ13_6 1 0 0
DQ13_60 1 0 0
DQ13_61 1 0 0
DQ13_62 1 0 0
DQ13_63 1 0 0
DQ13_7 1 0 0
DQ13_8 1 0 0
DQ13_9 1 0 0
DQ14_0 1 0 0
DQ14_1 1 0 0
DQ14_10 1 0 0
DQ14_11 1 0 0
DQ14_12 1 0 0
DQ14_13 1 0 0
DQ14_14 1 0 0
DQ14_15 1 0 0
DQ14_16 1 0 0
DQ14_17 1 0 0
DQ14_18 1 0 0
DQ14_19 1 0 0
DQ14_2 1 0 0
DQ14_20 1 0 0
DQ14_21 1 0 0
DQ14_22 1 0 0
DQ14_23 1 0 0
DQ14_24 1 0 0
DQ14_25 1 0 0
DQ14_26 1 0 0
DQ14_27 1 0 0
DQ14_28 1 0 0
DQ14_29 1 0 0
DQ14_3 1 0 0
DQ14_30 1 0 0
DQ14_31 1 0 0
DQ14_32 1 0 0
DQ14_33 1 0 0
DQ14_34 1 0 0
DQ14_35 1 0 0
DQ14_36 1 0 0
DQ14_37 1 0 0
DQ14_38 1 0 0
DQ14_39 1 0 0
DQ14_4 1 0 0
DQ14_40 1 0 0
DQ14_41 1 0 0
DQ14_42 1 0 0
DQ14_43 1 0 0
DQ14_44 1 0 0
DQ14_45 1 0 0
DQ14_46 1 0 0
DQ14_47 1 0 0
DQ14_48 1 0 0
DQ14_49 1 0 0
DQ14_5 1 0 0
DQ14_50 1 0 0
DQ14_51 1 0 0
DQ14_52 1 0 0
DQ14_53 1 0 0
DQ14_54 1 0 0
DQ14_55 1 0 0
DQ14_56 1 0 0
DQ14_57 1 0 0
DQ14_58 1 0 0
DQ14_59 1 0 0
DQ14_6 1 0 0
DQ14_60 1 0 0
DQ14_61 1 0 0
DQ14_62 1 0 0
DQ14_63 1 0 0
DQ14_7 1 0 0
DQ14_8 1 0 0
DQ14_9 1 0 0
DQ15_0 1 0 0
DQ15_1 1 0 0
DQ15_10 1 0 0
DQ15_11 1 0 0
DQ15_12 1 0 0
DQ15_13 1 0 0
DQ15_14 1 0 0
DQ15_15 1 0 0
DQ15_16 1 0 0
DQ15_17 1 0 0
DQ15_18 1 0 0
DQ15_19 1 0 0
DQ15_2 1 0 0
DQ15_20 1 0 0
DQ15_21 1 0 0
DQ15_22 1 0 0
DQ15_23 1 0 0
DQ15_24 1 0 0
DQ15_25 1 0 0
DQ15_26 1 0 0
DQ15_27 1 0 0
DQ15_28 1 0 0
DQ15_29 1 0 0
DQ15_3 1 0 0
DQ15_30 1 0 0
DQ15_31 1 0 0
DQ15_32 1 0 0
DQ15_33 1 0 0
DQ15_34 1 0 0
DQ15_35 1 0 0
DQ15_36 1 0 0
DQ15_37 1 0 0
DQ15_38 1 0 0
DQ15_39 1 0 0
DQ15_4 1 0 0
DQ15_40 1 0 0
DQ15_41 1 0 0
DQ15_42 1 0 0
DQ15_43 1 0 0
DQ15_44 1 0 0
DQ15_45 1 0 0
DQ15_46 1 0 0
DQ15_47 1 0 0
DQ15_48 1 0 0
DQ15_49 1 0 0
DQ15_5 1 0 0
DQ15_50 1 0 0
DQ15_51 1 0 0
DQ15_52 1 0 0
DQ15_53 1 0 0
DQ15_54 1 0 0
DQ15_55 1 0 0
DQ15_56 1 0 0
DQ15_57 1 0 0
DQ15_58 1 0 0
DQ15_59 1 0 0
DQ15_6 1 0 0
DQ15_60 1 0 0
DQ15_61 1 0 0
DQ15_62 1 0 0
DQ15_63 1 0 0
DQ15_7 1 0 0
DQ15_8 1 0 0
DQ15_9 1 0 0
DQ16_0 1 0 0
DQ16_1 1 0 0
DQ16_10 1 0 0
DQ16_11 1 0 0
DQ16_12 1 0 0
DQ16_13 1 0 0
DQ16_14 1 0 0
DQ16_15 1 0 0
DQ16_16 1 0 0
DQ16_17 1 0 0
DQ16_18 1 0 0
DQ16_19 1 0 0
DQ16_2 1 0 0
DQ16_20 1 0 0
DQ16_21 1 0 0
DQ16_22 1 0 0
DQ16_23 1 0 0
DQ16_24 1 0 0
DQ16_25 1 0 0
DQ16_26 1 0 0
DQ16_27 1 0 0
DQ16_28 1 0 0
DQ16_29 1 0 0
DQ16_3 1 0 0
DQ16_30 1 0 0
DQ16_31 1 0 0
DQ16_32 1 0 0
DQ16_33 1 0 0
DQ16_34 1 0 0
DQ16_35 1 0 0
DQ16_36 1 0 0
DQ16_37 1 0 0
DQ16_38 1 0 0
DQ16_39 1 0 0
DQ16_4 1 0 0
DQ16_40 1 0 0
DQ16_41 1 0 0
DQ16_42 1 0 0
DQ16_43 1 0 0
DQ16_44 1 0 0
DQ16_45 1 0 0
DQ16_46 1 0 0
DQ16_47 1 0 0
DQ16_48 1 0 0
DQ16_49 1 0 0
DQ16_5 1 0 0
DQ16_50 1 0 0
DQ16_51 1 0 0
DQ16_52 1 0 0
DQ16_53 1 0 0
DQ16_54 1 0 0
DQ16_55 1 0 0
DQ16_56 1 0 0
DQ16_57 1 0 0
DQ16_58 1 0 0
DQ16_59 1 0 0
DQ16_6 1 0 0
DQ16_60 1 0 0
DQ16_61 1 0 0
DQ16_62 1 0 0
DQ16_63 1 0 0
DQ16_7 1 0 0
DQ16_8 1 0 0
DQ16_9 1 0 0
DQ17_0 1 0 0
DQ17_1 1 0 0
DQ17_10 1 0 0
DQ17_11 1 0 0
DQ17_12 1 0 0
DQ17_13 1 0 0
DQ17_14 1 0 0
DQ17_15 1 0 0
DQ17_16 1 0 0
DQ17_17 1 0 0
DQ17_18 1 0 0
DQ17_19 1 0 0
DQ17_2 1 0 0
DQ17_20 1 0 0
DQ17_21 1 0 0
DQ17_22 1 0 0
DQ17_23 1 0 0
DQ17_24 1 0 0
DQ17_25 1 0 0
DQ17_26 1 0 0
DQ17_27 1 0 0
DQ17_28 1 0 0
DQ17_29 1 0 0
DQ17_3 1 0 0
DQ17_30 1 0 0
DQ17_31 1 0 0
DQ17_32 1 0 0
DQ17_33 1 0 0
DQ17_34 1 0 0
DQ17_35 1 0 0
DQ17_36 1 0 0
DQ17_37 1 0 0
DQ17_38 1 0 0
DQ17_39 1 0 0
DQ17_4 1 0 0
DQ17_40 1 0 0
DQ17_41 1 0 0
DQ17_42 1 0 0
DQ17_43 1 0 0
DQ17_44 1 0 0
DQ17_45 1 0 0
DQ17_46 1 0 0
DQ17_47 1 0 0
DQ17_48 1 0 0
DQ17_49 1 0 0
DQ17_5 1 0 0
DQ17_50 1 0 0
DQ17_51 1 0 0
DQ17_52 1 0 0
DQ17_53 1 0 0
DQ17_54 1 0 0
DQ17_55 1 0 0
DQ17_56 1 0 0
DQ17_57 1 0 0
DQ17_58 1 0 0
DQ17_59 1 0 0
DQ17_6 1 0 0
DQ17_60 1 0 0
DQ17_61 1 0 0
DQ17_62 1 0 0
DQ17_63 1 0 0
DQ17_7 1 0 0
DQ17_8 1 0 0
DQ17_9 1 0 0
DQ18_0 1 0 0
DQ18_1 1 0 0
DQ18_10 1 0 0
DQ18_11 1 0 0
DQ18_12 1 0 0
DQ18_13 1 0 0
DQ18_14 1 0 0
DQ18_15 1 0 0
DQ18_16 1 0 0
DQ18_17 1 0 0
DQ18_18 1 0 0
DQ18_19 1 0 0
DQ18_2 1 0 0
DQ18_20 1 0 0
DQ18_21 1 0 0
DQ18_22 1 0 0
DQ18_23 1 0 0
DQ18_24 1 0 0
DQ18_25 1 0 0
DQ18_26 1 0 0
DQ18_27 1 0 0
DQ18_28 1 0 0
DQ18_29 1 0 0
DQ18_3 1 0 0
DQ18_30 1 0 0
DQ18_31 1 0 0
DQ18_32 1 0 0
DQ18_33 1 0 0
DQ18_34 1 0 0
DQ18_35 1 0 0
DQ18_36 1 0 0
DQ18_37 1 0 0
DQ18_38 1 0 0
DQ18_39 1 0 0
DQ18_4 1 0 0
DQ18_40 1 0 0
DQ18_41 1 0 0
DQ18_42 1 0 0
DQ18_43 1 0 0
DQ18_44 1 0 0
DQ18_45 1 0 0
DQ18_46 1 0 0
DQ18_47 1 0 0
DQ18_48 1 0 0
DQ18_49 1 0 0
DQ18_5 1 0 0
DQ18_50 1 0 0
DQ18_51 1 0 0
DQ18_52 1 0 0
DQ18_53 1 0 0
DQ18_54 1 0 0
DQ18_55 1 0 0
DQ18_56 1 0 0
DQ18_57 1 0 0
DQ18_58 1 0 0
DQ18_59 1 0 0
DQ18_6 1 0 0
DQ18_60 1 0 0
DQ18_61 1 0 0
DQ18_62 1 0 0
DQ18_63 1 0 0
DQ18_7 1 0 0
DQ18_8 1 0 0
DQ18_9 1 0 0
DQ19_0 1 0 0
DQ19_1 1 0 0
DQ19_10 1 0 0
DQ19_11 1 0 0
DQ19_12 1 0 0
DQ19_13 1 0 0
DQ19_14 1 0 0
DQ19_15 1 0 0
DQ19_16 1 0 0
DQ19_17 1 0 0
DQ19_18 1 0 0
DQ19_19 1 0 0
DQ19_2 1 0 0
DQ19_20 1 0 0
DQ19_21 1 0 0
DQ19_22 1 0 0
DQ19_23 1 0 0
DQ19_24 1 0 0
DQ19_25 1 0 0
DQ19_26 1 0 0
DQ19_27 1 0 0
DQ19_28 1 0 0
DQ19_29 1 0 0
DQ19_3 1 0 0
DQ19_30 1 0 0
DQ19_31 1 0 0
DQ19_32 1 0 0
DQ19_33 1 0 0
DQ19_34 1 0 0
DQ19_35 1 0 0
DQ19_36 1 0 0
DQ19_37 1 0 0
DQ19_38 1 0 0
DQ19_39 1 0 0
DQ19_4 1 0 0
DQ19_40 1 0 0
DQ19_41 1 0 0
DQ19_42 1 0 0
DQ19_43 1 0 0
DQ19_44 1 0 0
DQ19_45 1 0 0
DQ19_46 1 0 0
DQ19_47 1 0 0
DQ19_48 1 0 0
DQ19_49 1 0 0
DQ19_5 1 0 0
DQ19_50 1 0 0
DQ19_51 1 0 0
DQ19_52 1 0 0
DQ19_53 1 0 0
DQ19_54 1 0 0
DQ19_55 1 0 0
DQ19_56 1 0 0
DQ19_57 1 0 0
DQ19_58 1 0 0
DQ19_59 1 0 0
DQ19_6 1 0 0
DQ19_60 1 0 0
DQ19_61 1 0 0
DQ19_62 1 0 0
DQ19_63 1 0 0
DQ19_7 1 0 0
DQ19_8 1 0 0
DQ19_9 1 0 0
DQ1_0 1 0 0
DQ1_1 1 0 0
DQ1_10 1 0 0
DQ1_11 1 0 0
DQ1_12 1 0 0
DQ1_13 1 0 0
DQ1_14 1 0 0
DQ1_15 1 0 0
DQ1_16 1 0 0
DQ1_17 1 0 0
DQ1_18 1 0 0
DQ1_19 1 0 0
DQ1_2 1 0 0
DQ1_20 1 0 0
DQ1_21 1 0 0
DQ1_22 1 0 0
DQ1_23 1 0 0
DQ1_24 1 0 0
DQ1_25 1 0 0
DQ1_26 1 0 0
DQ1_27 1 0 0
DQ1_28 1 0 0
DQ1_29 1 0 0
DQ1_3 1 0 0
DQ1_30 1 0 0
DQ1_31 1 0 0
DQ1_32 1 0 0
DQ1_33 1 0 0
DQ1_34 1 0 0
DQ1_35 1 0 0
DQ1_36 1 0 0
DQ1_37 1 0 0
DQ1_38 1 0 0
DQ1_39 1 0 0
DQ1_4 1 0 0
DQ1_40 1 0 0
DQ1_41 1 0 0
DQ1_42 1 0 0
DQ1_43 1 0 0
DQ1_44 1 0 0
DQ1_45 1 0 0
DQ1_46 1 0 0
DQ1_47 1 0 0
DQ1_48 1 0 0
DQ1_49 1 0 0
DQ1_5 1 0 0
DQ1_50 1 0 0
DQ1_51 1 0 0
DQ1_52 1 0 0
DQ1_53 1 0 0
DQ1_54 1 0 0
DQ1_55 1 0 0
DQ1_56 1 0 0
DQ1_57 1 0 0
DQ1_58 1 0 0
DQ1_59 1 0 0
DQ1_6 1 0 0
DQ1_60 1 0 0
DQ1_61 1 0 0
DQ1_62 1 0 0
DQ1_63 1 0 0
DQ1_7 1 0 0
DQ1_8 1 0 0
DQ1_9 1 0 0
DQ20_0 1 0 0
DQ20_1 1 0 0
DQ20_10 1 0 0
DQ20_11 1 0 0
DQ20_12 1 0 0
DQ20_13 1 0 0
DQ20_14 1 0 0
DQ20_15 1 0 0
DQ20_16 1 0 0
DQ20_17 1 0 0
DQ20_18 1 0 0
DQ20_19 1 0 0
DQ20_2 1 0 0
DQ20_20 1 0 0
DQ20_21 1 0 0
DQ20_22 1 0 0
DQ20_23 1 0 0
DQ20_24 1 0 0
DQ20_25 1 0 0
DQ20_26 1 0 0
DQ20_27 1 0 0
DQ20_28 1 0 0
DQ20_29 1 0 0
DQ20_3 1 0 0
DQ20_30 1 0 0
DQ20_31 1 0 0
DQ20_32 1 0 0
DQ20_33 1 0 0
DQ20_34 1 0 0
DQ20_35 1 0 0
DQ20_36 1 0 0
DQ20_37 1 0 0
DQ20_38 1 0 0
DQ20_39 1 0 0
DQ20_4 1 0 0
DQ20_40 1 0 0
DQ20_41 1 0 0
DQ20_42 1 0 0
DQ20_43 1 0 0
DQ20_44 1 0 0
DQ20_45 1 0 0
DQ20_46 1 0 0
DQ20_47 1 0 0
DQ20_48 1 0 0
DQ20_49 1 0 0
DQ20_5 1 0 0
DQ20_50 1 0 0
DQ20_51 1 0 0
DQ20_52 1 0 0
DQ20_53 1 0 0
DQ20_54 1 0 0
DQ20_55 1 0 0
DQ20_56 1 0 0
DQ20_57 1 0 0
DQ20_58 1 0 0
DQ20_59 1 0 0
DQ20_6 1 0 0
DQ20_60 1 0 0
DQ20_61 1 0 0
DQ20_62 1 0 0
DQ20_63 1 0 0
DQ20_7 1 0 0
DQ20_8 1 0 0
DQ20_9 1 0 0
DQ21_0 1 0 0
DQ21_1 1 0 0
DQ21_10 1 0 0
DQ21_11 1 0 0
DQ21_12 1 0 0
DQ21_13 1 0 0
DQ21_14 1 0 0
DQ21_15 1 0 0
DQ21_16 1 0 0
DQ21_17 1 0 0
DQ21_18 1 0 0
DQ21_19 1 0 0
DQ21_2 1 0 0
DQ21_20 1 0 0
DQ21_21 1 0 0
DQ21_22 1 0 0
DQ21_23 1 0 0
DQ21_24 1 0 0
DQ21_25 1 0 0
DQ21_26 1 0 0
DQ21_27 1 0 0
DQ21_28 1 0 0
DQ21_29 1 0 0
DQ21_3 1 0 0
DQ21_30 1 0 0
DQ21_31 1 0 0
DQ21_32 1 0 0
DQ21_33 1 0 0
DQ21_34 1 0 0
DQ21_35 1 0 0
DQ21_36 1 0 0
DQ21_37 1 0 0
DQ21_38 1 0 0
DQ21_39 1 0 0
DQ21_4 1 0 0
DQ21_40 1 0 0
DQ21_41 1 0 0
DQ21_42 1 0 0
DQ21_43 1 0 0
DQ21_44 1 0 0
DQ21_45 1 0 0
DQ21_46 1 0 0
DQ21_47 1 0 0
DQ21_48 1 0 0
DQ21_49 1 0 0
DQ21_5 1 0 0
DQ21_50 1 0 0
DQ21_51 1 0 0
DQ21_52 1 0 0
DQ21_53 1 0 0
DQ21_54 1 0 0
DQ21_55 1 0 0
DQ21_56 1 0 0
DQ21_57 1 0 0
DQ21_58 1 0 0
DQ21_59 1 0 0
DQ21_6 1 0 0
DQ21_60 1 0 0
DQ21_61 1 0 0
DQ21_62 1 0 0
DQ21_63 1 0 0
DQ21_7 1 0 0
DQ21_8 1 0 0
DQ21_9 1 0 0
DQ22_0 1 0 0
DQ22_1 1 0 0
DQ22_10 1 0 0
DQ22_11 1 0 0
DQ22_12 1 0 0
DQ22_13 1 0 0
DQ22_14 1 0 0
DQ22_15 1 0 0
DQ22_16 1 0 0
DQ22_17 1 0 0
DQ22_18 1 0 0
DQ22_19 1 0 0
DQ22_2 1 0 0
DQ22_20 1 0 0
DQ22_21 1 0 0
DQ22_22 1 0 0
DQ22_23 1 0 0
DQ22_24 1 0 0
DQ22_25 1 0 0
DQ22_26 1 0 0
DQ22_27 1 0 0
DQ22_28 1 0 0
DQ22_29 1 0 0
DQ22_3 1 0 0
DQ22_30 1 0 0
DQ22_31 1 0 0
DQ22_32 1 0 0
DQ22_33 1 0 0
DQ22_34 1 0 0
DQ22_35 1 0 0
DQ22_36 1 0 0
DQ22_37 1 0 0
DQ22_38 1 0 0
DQ22_39 1 0 0
DQ22_4 1 0 0
DQ22_40 1 0 0
DQ22_41 1 0 0
DQ22_42 1 0 0
DQ22_43 1 0 0
DQ22_44 1 0 0
DQ22_45 1 0 0
DQ22_46 1 0 0
DQ22_47 1 0 0
DQ22_48 1 0 0
DQ22_49 1 0 0
DQ22_5 1 0 0
DQ22_50 1 0 0
DQ22_51 1 0 0
DQ22_52 1 0 0
DQ22_53 1 0 0
DQ22_54 1 0 0
DQ22_55 1 0 0
DQ22_56 1 0 0
DQ22_57 1 0 0
DQ22_58 1 0 0
DQ22_59 1 0 0
DQ22_6 1 0 0
DQ22_60 1 0 0
DQ22_61 1 0 0
DQ22_62 1 0 0
DQ22_63 1 0 0
DQ22_7 1 0 0
DQ22_8 1 0 0
DQ22_9 1 0 0
DQ23_0 1 0 0
DQ23_1 1 0 0
DQ23_10 1 0 0
DQ23_11 1 0 0
DQ23_12 1 0 0
DQ23_13 1 0 0
DQ23_14 1 0 0
DQ23_15 1 0 0
DQ23_16 1 0 0
DQ23_17 1 0 0
DQ23_18 1 0 0
DQ23_19 1 0 0
DQ23_2 1 0 0
DQ23_20 1 0 0
DQ23_21 1 0 0
DQ23_22 1 0 0
DQ23_23 1 0 0
DQ23_24 1 0 0
DQ23_25 1 0 0
DQ23_26 1 0 0
DQ23_27 1 0 0
DQ23_28 1 0 0
DQ23_29 1 0 0
DQ23_3 1 0 0
DQ23_30 1 0 0
DQ23_31 1 0 0
DQ23_32 1 0 0
DQ23_33 1 0 0
DQ23_34 1 0 0
DQ23_35 1 0 0
DQ23_36 1 0 0
DQ23_37 1 0 0
DQ23_38 1 0 0
DQ23_39 1 0 0
DQ23_4 1 0 0
DQ23_40 1 0 0
DQ23_41 1 0 0
DQ23_42 1 0 0
DQ23_43 1 0 0
DQ23_44 1 0 0
DQ23_45 1 0 0
DQ23_46 1 0 0
DQ23_47 1 0 0
DQ23_48 1 0 0
DQ23_49 1 0 0
DQ23_5 1 0 0
DQ23_50 1 0 0
DQ23_51 1 0 0
DQ23_52 1 0 0
DQ23_53 1 0 0
DQ23_54 1 0 0
DQ23_55 1 0 0
DQ23_56 1 0 0
DQ23_57 1 0 0
DQ23_58 1 0 0
DQ23_59 1 0 0
DQ23_6 1 0 0
DQ23_60 1 0 0
DQ23_61 1 0 0
DQ23_62 1 0 0
DQ23_63 1 0 0
DQ23_7 1 0 0
DQ23_8 1 0 0
DQ23_9 1 0 0
DQ24_0 1 0 0
DQ24_1 1 0 0
DQ24_10 1 0 0
DQ24_11 1 0 0
DQ24_12 1 0 0
DQ24_13 1 0 0
DQ24_14 1 0 0
DQ24_15 1 0 0
DQ24_16 1 0 0
DQ24_17 1 0 0
DQ24_18 1 0 0
DQ24_19 1 0 0
DQ24_2 1 0 0
DQ24_20 1 0 0
DQ24_21 1 0 0
DQ24_22 1 0 0
DQ24_23 1 0 0
DQ24_24 1 0 0
DQ24_25 1 0 0
DQ24_26 1 0 0
DQ24_27 1 0 0
DQ24_28 1 0 0
DQ24_29 1 0 0
DQ24_3 1 0 0
DQ24_30 1 0 0
DQ24_31 1 0 0
DQ24_32 1 0 0
DQ24_33 1 0 0
DQ24_34 1 0 0
DQ24_35 1 0 0
DQ24_36 1 0 0
DQ24_37 1 0 0
DQ24_38 1 0 0
DQ24_39 1 0 0
DQ24_4 1 0 0
DQ24_40 1 0 0
DQ24_41 1 0 0
DQ24_42 1 0 0
DQ24_43 1 0 0
DQ24_44 1 0 0
DQ24_45 1 0 0
DQ24_46 1 0 0
DQ24_47 1 0 0
DQ24_48 1 0 0
DQ24_49 1 0 0
DQ24_5 1 0 0
DQ24_50 1 0 0
DQ24_51 1 0 0
DQ24_52 1 0 0
DQ24_53 1 0 0
DQ24_54 1 0 0
DQ24_55 1 0 0
DQ24_56 1 0 0
DQ24_57 1 0 0
DQ24_58 1 0 0
DQ24_59 1 0 0
DQ24_6 1 0 0
DQ24_60 1 0 0
DQ24_61 1 0 0
DQ24_62 1 0 0
DQ24_63 1 0 0
DQ24_7 1 0 0
DQ24_8 1 0 0
DQ24_9 1 0 0
DQ25_0 1 0 0
DQ25_1 1 0 0
DQ25_10 1 0 0
DQ25_11 1 0 0
DQ25_12 1 0 0
DQ25_13 1 0 0
DQ25_14 1 0 0
DQ25_15 1 0 0
DQ25_16 1 0 0
DQ25_17 1 0 0
DQ25_18 1 0 0
DQ25_19 1 0 0
DQ25_2 1 0 0
DQ25_20 1 0 0
DQ25_21 1 0 0
DQ25_22 1 0 0
DQ25_23 1 0 0
DQ25_24 1 0 0
DQ25_25 1 0 0
DQ25_26 1 0 0
DQ25_27 1 0 0
DQ25_28 1 0 0
DQ25_29 1 0 0
DQ25_3 1 0 0
DQ25_30 1 0 0
DQ25_31 1 0 0
DQ25_32 1 0 0
DQ25_33 1 0 0
DQ25_34 1 0 0
DQ25_35 1 0 0
DQ25_36 1 0 0
DQ25_37 1 0 0
DQ25_38 1 0 0
DQ25_39 1 0 0
DQ25_4 1 0 0
DQ25_40 1 0 0
DQ25_41 1 0 0
DQ25_42 1 0 0
DQ25_43 1 0 0
DQ25_44 1 0 0
DQ25_45 1 0 0
DQ25_46 1 0 0
DQ25_47 1 0 0
DQ25_48 1 0 0
DQ25_49 1 0 0
DQ25_5 1 0 0
DQ25_50 1 0 0
DQ25_51 1 0 0
DQ25_52 1 0 0
DQ25_53 1 0 0
DQ25_54 1 0 0
DQ25_55 1 0 0
DQ25_56 1 0 0
DQ25_57 1 0 0
DQ25_58 1 0 0
DQ25_59 1 0 0
DQ25_6 1 0 0
DQ25_60 1 0 0
DQ25_61 1 0 0
DQ25_62 1 0 0
DQ25_63 1 0 0
DQ25_7 1 0 0
DQ25_8 1 0 0
DQ25_9 1 0 0
DQ26_0 1 0 0
DQ26_1 1 0 0
DQ26_10 1 0 0
DQ26_11 1 0 0
DQ26_12 1 0 0
DQ26_13 1 0 0
DQ26_14 1 0 0
DQ26_15 1 0 0
DQ26_16 1 0 0
DQ26_17 1 0 0
DQ26_18 1 0 0
DQ26_19 1 0 0
DQ26_2 1 0 0
DQ26_20 1 0 0
DQ26_21 1 0 0
DQ26_22 1 0 0
DQ26_23 1 0 0
DQ26_24 1 0 0
DQ26_25 1 0 0
DQ26_26 1 0 0
DQ26_27 1 0 0
DQ26_28 1 0 0
DQ26_29 1 0 0
DQ26_3 1 0 0
DQ26_30 1 0 0
DQ26_31 1 0 0
DQ26_32 1 0 0
DQ26_33 1 0 0
DQ26_34 1 0 0
DQ26_35 1 0 0
DQ26_36 1 0 0
DQ26_37 1 0 0
DQ26_38 1 0 0
DQ26_39 1 0 0
DQ26_4 1 0 0
DQ26_40 1 0 0
DQ26_41 1 0 0
DQ26_42 1 0 0
DQ26_43 1 0 0
DQ26_44 1 0 0
DQ26_45 1 0 0
DQ26_46 1 0 0
DQ26_47 1 0 0
DQ26_48 1 0 0
DQ26_49 1 0 0
DQ26_5 1 0 0
DQ26_50 1 0 0
DQ26_51 1 0 0
DQ26_52 1 0 0
DQ26_53 1 0 0
DQ26_54 1 0 0
DQ26_55 1 0 0
DQ26_56 1 0 0
DQ26_57 1 0 0
DQ26_58 1 0 0
DQ26_59 1 0 0
DQ26_6 1 0 0
DQ26_60 1 0 0
DQ26_61 1 0 0
DQ26_62 1 0 0
DQ26_63 1 0 0
DQ26_7 1 0 0
DQ26_8 1 0 0
DQ26_9 1 0 0
DQ27_0 1 0 0
DQ27_1 1 0 0
DQ27_10 1 0 0
DQ27_11 1 0 0
DQ27_12 1 0 0
DQ27_13 1 0 0
DQ27_14 1 0 0
DQ27_15 1 0 0
DQ27_16 1 0 0
DQ27_17 1 0 0
DQ27_18 1 0 0
DQ27_19 1 0 0
DQ27_2 1 0 0
DQ27_20 1 0 0
DQ27_21 1 0 0
DQ27_22 1 0 0
DQ27_23 1 0 0
DQ27_24 1 0 0
DQ27_25 1 0 0
DQ27_26 1 0 0
DQ27_27 1 0 0
DQ27_28 1 0 0
DQ27_29 1 0 0
DQ27_3 1 0 0
DQ27_30 1 0 0
DQ27_31 1 0 0
DQ27_32 1 0 0
DQ27_33 1 0 0
DQ27_34 1 0 0
DQ27_35 1 0 0
DQ27_36 1 0 0
DQ27_37 1 0 0
DQ27_38 1 0 0
DQ27_39 1 0 0
DQ27_4 1 0 0
DQ27_40 1 0 0
DQ27_41 1 0 0
DQ27_42 1 0 0
DQ27_43 1 0 0
DQ27_44 1 0 0
DQ27_45 1 0 0
DQ27_46 1 0 0
DQ27_47 1 0 0
DQ27_48 1 0 0
DQ27_49 1 0 0
DQ27_5 1 0 0
DQ27_50 1 0 0
DQ27_51 1 0 0
DQ27_52 1 0 0
DQ27_53 1 0 0
DQ27_54 1 0 0
DQ27_55 1 0 0
DQ27_56 1 0 0
DQ27_57 1 0 0
DQ27_58 1 0 0
DQ27_59 1 0 0
DQ27_6 1 0 0
DQ27_60 1 0 0
DQ27_61 1 0 0
DQ27_62 1 0 0
DQ27_63 1 0 0
DQ27_7 1 0 0
DQ27_8 1 0 0
DQ27_9 1 0 0
DQ28_0 1 0 0
DQ28_1 1 0 0
DQ28_10 1 0 0
DQ28_11 1 0 0
DQ28_12 1 0 0
DQ28_13 1 0 0
DQ28_14 1 0 0
DQ28_15 1 0 0
DQ28_16 1 0 0
DQ28_17 1 0 0
DQ28_18 1 0 0
DQ28_19 1 0 0
DQ28_2 1 0 0
DQ28_20 1 0 0
DQ28_21 1 0 0
DQ28_22 1 0 0
DQ28_23 1 0 0
DQ28_24 1 0 0
DQ28_25 1 0 0
DQ28_26 1 0 0
DQ28_27 1 0 0
DQ28_28 1 0 0
DQ28_29 1 0 0
DQ28_3 1 0 0
DQ28_30 1 0 0
DQ28_31 1 0 0
DQ28_32 1 0 0
DQ28_33 1 0 0
DQ28_34 1 0 0
DQ28_35 1 0 0
DQ28_36 1 0 0
DQ28_37 1 0 0
DQ28_38 1 0 0
DQ28_39 1 0 0
DQ28_4 1 0 0
DQ28_40 1 0 0
DQ28_41 1 0 0
DQ28_42 1 0 0
DQ28_43 1 0 0
DQ28_44 1 0 0
DQ28_45 1 0 0
DQ28_46 1 0 0
DQ28_47 1 0 0
DQ28_48 1 0 0
DQ28_49 1 0 0
DQ28_5 1 0 0
DQ28_50 1 0 0
DQ28_51 1 0 0
DQ28_52 1 0 0
DQ28_53 1 0 0
DQ28_54 1 0 0
DQ28_55 1 0 0
DQ28_56 1 0 0
DQ28_57 1 0 0
DQ28_58 1 0 0
DQ28_59 1 0 0
DQ28_6 1 0 0
DQ28_60 1 0 0
DQ28_61 1 0 0
DQ28_62 1 0 0
DQ28_63 1 0 0
DQ28_7 1 0 0
DQ28_8 1 0 0
DQ28_9 1 0 0
DQ29_0 1 0 0
DQ29_1 1 0 0
DQ29_10 1 0 0
DQ29_11 1 0 0
DQ29_12 1 0 0
DQ29_13 1 0 0
DQ29_14 1 0 0
DQ29_15 1 0 0
DQ29_16 1 0 0
DQ29_17 1 0 0
DQ29_18 1 0 0
DQ29_19 1 0 0
DQ29_2 1 0 0
DQ29_20 1 0 0
DQ29_21 1 0 0
DQ29_22 1 0 0
DQ29_23 1 0 0
DQ29_24 1 0 0
DQ29_25 1 0 0
DQ29_26 1 0 0
DQ29_27 1 0 0
DQ29_28 1 0 0
DQ29_29 1 0 0
DQ29_3 1 0 0
DQ29_30 1 0 0
DQ29_31 1 0 0
DQ29_32 1 0 0
DQ29_33 1 0 0
DQ29_34 1 0 0
DQ29_35 1 0 0
DQ29_36 1 0 0
DQ29_37 1 0 0
DQ29_38 1 0 0
DQ29_39 1 0 0
DQ29_4 1 0 0
DQ29_40 1 0 0
DQ29_41 1 0 0
DQ29_42 1 0 0
DQ29_43 1 0 0
DQ29_44 1 0 0
DQ29_45 1 0 0
DQ29_46 1 0 0
DQ29_47 1 0 0
DQ29_48 1 0 0
DQ29_49 1 0 0
DQ29_5 1 0 0
DQ29_50 1 0 0
DQ29_51 1 0 0
DQ29_52 1 0 0
DQ29_53 1 0 0
DQ29_54 1 0 0
DQ29_55 1 0 0
DQ29_56 1 0 0
DQ29_57 1 0 0
DQ29_58 1 0 0
DQ29_59 1 0 0
DQ29_6 1 0 0
DQ29_60 1 0 0
DQ29_61 1 0 0
DQ29_62 1 0 0
DQ29_63 1 0 0
DQ29_7 1 0 0
DQ29_8 1 0 0
DQ29_9 1 0 0
DQ2_0 1 0 0
DQ2_1 1 0 0
DQ2_10 1 0 0
DQ2_11 1 0 0
DQ2_12 1 0 0
DQ2_13 1 0 0
DQ2_14 1 0 0
DQ2_15 1 0 0
DQ2_16 1 0 0
DQ2_17 1 0 0
DQ2_18 1 0 0
DQ2_19 1 0 0
DQ2_2 1 0 0
DQ2_20 1 0 0
DQ2_21 1 0 0
DQ2_22 1 0 0
DQ2_23 1 0 0
DQ2_24 1 0 0
DQ2_25 1 0 0
DQ2_26 1 0 0
DQ2_27 1 0 0
DQ2_28 1 0 0
DQ2_29 1 0 0
DQ2_3 1 0 0
DQ2_30 1 0 0
DQ2_31 1 0 0
DQ2_32 1 0 0
DQ2_33 1 0 0
DQ2_34 1 0 0
DQ2_35 1 0 0
DQ2_36 1 0 0
DQ2_37 1 0 0
DQ2_38 1 0 0
DQ2_39 1 0 0
DQ2_4 1 0 0
DQ2_40 1 0 0
DQ2_41 1 0 0
DQ2_42 1 0 0
DQ2_43 1 0 0
DQ2_44 1 0 0
DQ2_45 1 0 0
DQ2_46 1 0 0
DQ2_47 1 0 0
DQ2_48 1 0 0
DQ2_49 1 0 0
DQ2_5 1 0 0
DQ2_50 1 0 0
DQ2_51 1 0 0
DQ2_52 1 0 0
DQ2_53 1 0 0
DQ2_54 1 0 0
DQ2_55 1 0 0
DQ2_56 1 0 0
DQ2_57 1 0 0
DQ2_58 1 0 0
DQ2_59 1 0 0
DQ2_6 1 0 0
DQ2_60 1 0 0
DQ2_61 1 0 0
DQ2_62 1 0 0
DQ2_63 1 0 0
DQ2_7 1 0 0
DQ2_8 1 0 0
DQ2_9 1 0 0
DQ30_0 1 0 0
DQ30_1 1 0 0
DQ30_10 1 0 0
DQ30_11 1 0 0
DQ30_12 1 0 0
DQ30_13 1 0 0
DQ30_14 1 0 0
DQ30_15 1 0 0
DQ30_16 1 0 0
DQ30_17 1 0 0
DQ30_18 1 0 0
DQ30_19 1 0 0
DQ30_2 1 0 0
DQ30_20 1 0 0
DQ30_21 1 0 0
DQ30_22 1 0 0
DQ30_23 1 0 0
DQ30_24 1 0 0
DQ30_25 1 0 0
DQ30_26 1 0 0
DQ30_27 1 0 0
DQ30_28 1 0 0
DQ30_29 1 0 0
DQ30_3 1 0 0
DQ30_30 1 0 0
DQ30_31 1 0 0
DQ30_32 1 0 0
DQ30_33 1 0 0
DQ30_34 1 0 0
DQ30_35 1 0 0
DQ30_36 1 0 0
DQ30_37 1 0 0
DQ30_38 1 0 0
DQ30_39 1 0 0
DQ30_4 1 0 0
DQ30_40 1 0 0
DQ30_41 1 0 0
DQ30_42 1 0 0
DQ30_43 1 0 0
DQ30_44 1 0 0
DQ30_45 1 0 0
DQ30_46 1 0 0
DQ30_47 1 0 0
DQ30_48 1 0 0
DQ30_49 1 0 0
DQ30_5 1 0 0
DQ30_50 1 0 0
DQ30_51 1 0 0
DQ30_52 1 0 0
DQ30_53 1 0 0
DQ30_54 1 0 0
DQ30_55 1 0 0
DQ30_56 1 0 0
DQ30_57 1 0 0
DQ30_58 1 0 0
DQ30_59 1 0 0
DQ30_6 1 0 0
DQ30_60 1 0 0
DQ30_61 1 0 0
DQ30_62 1 0 0
DQ30_63 1 0 0
DQ30_7 1 0 0
DQ30_8 1 0 0
DQ30_9 1 0 0
DQ31_0 1 0 0
DQ31_1 1 0 0
DQ31_10 1 0 0
DQ31_11 1 0 0
DQ31_12 1 0 0
DQ31_13 1 0 0
DQ31_14 1 0 0
DQ31_15 1 0 0
DQ31_16 1 0 0
DQ31_17 1 0 0
DQ31_18 1 0 0
DQ31_19 1 0 0
DQ31_2 1 0 0
DQ31_20 1 0 0
DQ31_21 1 0 0
DQ31_22 1 0 0
DQ31_23 1 0 0
DQ31_24 1 0 0
DQ31_25 1 0 0
DQ31_26 1 0 0
DQ31_27 1 0 0
DQ31_28 1 0 0
DQ31_29 1 0 0
DQ31_3 1 0 0
DQ31_30 1 0 0
DQ31_31 1 0 0
DQ31_32 1 0 0
DQ31_33 1 0 0
DQ31_34 1 0 0
DQ31_35 1 0 0
DQ31_36 1 0 0
DQ31_37 1 0 0
DQ31_38 1 0 0
DQ31_39 1 0 0
DQ31_4 1 0 0
DQ31_40 1 0 0
DQ31_41 1 0 0
DQ31_42 1 0 0
DQ31_43 1 0 0
DQ31_44 1 0 0
DQ31_45 1 0 0
DQ31_46 1 0 0
DQ31_47 1 0 0
DQ31_48 1 0 0
DQ31_49 1 0 0
DQ31_5 1 0 0
DQ31_50 1 0 0
DQ31_51 1 0 0
DQ31_52 1 0 0
DQ31_53 1 0 0
DQ31_54 1 0 0
DQ31_55 1 0 0
DQ31_56 1 0 0
DQ31_57 1 0 0
DQ31_58 1 0 0
DQ31_59 1 0 0
DQ31_6 1 0 0
DQ31_60 1 0 0
DQ31_61 1 0 0
DQ31_62 1 0 0
DQ31_63 1 0 0
DQ31_7 1 0 0
DQ31_8 1 0 0
DQ31_9 1 0 0
DQ3_0 1 0 0
DQ3_1 1 0 0
DQ3_10 1 0 0
DQ3_11 1 0 0
DQ3_12 1 0 0
DQ3_13 1 0 0
DQ3_14 1 0 0
DQ3_15 1 0 0
DQ3_16 1 0 0
DQ3_17 1 0 0
DQ3_18 1 0 0
DQ3_19 1 0 0
DQ3_2 1 0 0
DQ3_20 1 0 0
DQ3_21 1 0 0
DQ3_22 1 0 0
DQ3_23 1 0 0
DQ3_24 1 0 0
DQ3_25 1 0 0
DQ3_26 1 0 0
DQ3_27 1 0 0
DQ3_28 1 0 0
DQ3_29 1 0 0
DQ3_3 1 0 0
DQ3_30 1 0 0
DQ3_31 1 0 0
DQ3_32 1 0 0
DQ3_33 1 0 0
DQ3_34 1 0 0
DQ3_35 1 0 0
DQ3_36 1 0 0
DQ3_37 1 0 0
DQ3_38 1 0 0
DQ3_39 1 0 0
DQ3_4 1 0 0
DQ3_40 1 0 0
DQ3_41 1 0 0
DQ3_42 1 0 0
DQ3_43 1 0 0
DQ3_44 1 0 0
DQ3_45 1 0 0
DQ3_46 1 0 0
DQ3_47 1 0 0
DQ3_48 1 0 0
DQ3_49 1 0 0
DQ3_5 1 0 0
DQ3_50 1 0 0
DQ3_51 1 0 0
DQ3_52 1 0 0
DQ3_53 1 0 0
DQ3_54 1 0 0
DQ3_55 1 0 0
DQ3_56 1 0 0
DQ3_57 1 0 0
DQ3_58 1 0 0
DQ3_59 1 0 0
DQ3_6 1 0 0
DQ3_60 1 0 0
DQ3_61 1 0 0
DQ3_62 1 0 0
DQ3_63 1 0 0
DQ3_7 1 0 0
DQ3_8 1 0 0
DQ3_9 1 0 0
DQ4_0 1 0 0
DQ4_1 1 0 0
DQ4_10 1 0 0
DQ4_11 1 0 0
DQ4_12 1 0 0
DQ4_13 1 0 0
DQ4_14 1 0 0
DQ4_15 1 0 0
DQ4_16 1 0 0
DQ4_17 1 0 0
DQ4_18 1 0 0
DQ4_19 1 0 0
DQ4_2 1 0 0
DQ4_20 1 0 0
DQ4_21 1 0 0
DQ4_22 1 0 0
DQ4_23 1 0 0
DQ4_24 1 0 0
DQ4_25 1 0 0
DQ4_26 1 0 0
DQ4_27 1 0 0
DQ4_28 1 0 0
DQ4_29 1 0 0
DQ4_3 1 0 0
DQ4_30 1 0 0
DQ4_31 1 0 0
DQ4_32 1 0 0
DQ4_33 1 0 0
DQ4_34 1 0 0
DQ4_35 1 0 0
DQ4_36 1 0 0
DQ4_37 1 0 0
DQ4_38 1 0 0
DQ4_39 1 0 0
DQ4_4 1 0 0
DQ4_40 1 0 0
DQ4_41 1 0 0
DQ4_42 1 0 0
DQ4_43 1 0 0
DQ4_44 1 0 0
DQ4_45 1 0 0
DQ4_46 1 0 0
DQ4_47 1 0 0
DQ4_48 1 0 0
DQ4_49 1 0 0
DQ4_5 1 0 0
DQ4_50 1 0 0
DQ4_51 1 0 0
DQ4_52 1 0 0
DQ4_53 1 0 0
DQ4_54 1 0 0
DQ4_55 1 0 0
DQ4_56 1 0 0
DQ4_57 1 0 0
DQ4_58 1 0 0
DQ4_59 1 0 0
DQ4_6 1 0 0
DQ4_60 1 0 0
DQ4_61 1 0 0
DQ4_62 1 0 0
DQ4_63 1 0 0
DQ4_7 1 0 0
DQ4_8 1 0 0
DQ4_9 1 0 0
DQ5_0 1 0 0
DQ5_1 1 0 0
DQ5_10 1 0 0
DQ5_11 1 0 0
DQ5_12 1 0 0
DQ5_13 1 0 0
DQ5_14 1 0 0
DQ5_15 1 0 0
DQ5_16 1 0 0
DQ5_17 1 0 0
DQ5_18 1 0 0
DQ5_19 1 0 0
DQ5_2 1 0 0
DQ5_20 1 0 0
DQ5_21 1 0 0
DQ5_22 1 0 0
DQ5_23 1 0 0
DQ5_24 1 0 0
DQ5_25 1 0 0
DQ5_26 1 0 0
DQ5_27 1 0 0
DQ5_28 1 0 0
DQ5_29 1 0 0
DQ5_3 1 0 0
DQ5_30 1 0 0
DQ5_31 1 0 0
DQ5_32 1 0 0
DQ5_33 1 0 0
DQ5_34 1 0 0
DQ5_35 1 0 0
DQ5_36 1 0 0
DQ5_37 1 0 0
DQ5_38 1 0 0
DQ5_39 1 0 0
DQ5_4 1 0 0
DQ5_40 1 0 0
DQ5_41 1 0 0
DQ5_42 1 0 0
DQ5_43 1 0 0
DQ5_44 1 0 0
DQ5_45 1 0 0
DQ5_46 1 0 0
DQ5_47 1 0 0
DQ5_48 1 0 0
DQ5_49 1 0 0
DQ5_5 1 0 0
DQ5_50 1 0 0
DQ5_51 1 0 0
DQ5_52 1 0 0
DQ5_53 1 0 0
DQ5_54 1 0 0
DQ5_55 1 0 0
DQ5_56 1 0 0
DQ5_57 1 0 0
DQ5_58 1 0 0
DQ5_59 1 0 0
DQ5_6 1 0 0
DQ5_60 1 0 0
DQ5_61 1 0 0
DQ5_62 1 0 0
DQ5_63 1 0 0
DQ5_7 1 0 0
DQ5_8 1 0 0
DQ5_9 1 0 0
DQ6_0 1 0 0
DQ6_1 1 0 0
DQ6_10 1 0 0
DQ6_11 1 0 0
DQ6_12 1 0 0
DQ6_13 1 0 0
DQ6_14 1 0 0
DQ6_15 1 0 0
DQ6_16 1 0 0
DQ6_17 1 0 0
DQ6_18 1 0 0
DQ6_19 1 0 0
DQ6_2 1 0 0
DQ6_20 1 0 0
DQ6_21 1 0 0
DQ6_22 1 0 0
DQ6_23 1 0 0
DQ6_24 1 0 0
DQ6_25 1 0 0
DQ6_26 1 0 0
DQ6_27 1 0 0
DQ6_28 1 0 0
DQ6_29 1 0 0
DQ6_3 1 0 0
DQ6_30 1 0 0
DQ6_31 1 0 0
DQ6_32 1 0 0
DQ6_33 1 0 0
DQ6_34 1 0 0
DQ6_35 1 0 0
DQ6_36 1 0 0
DQ6_37 1 0 0
DQ6_38 1 0 0
DQ6_39 1 0 0
DQ6_4 1 0 0
DQ6_40 1 0 0
DQ6_41 1 0 0
DQ6_42 1 0 0
DQ6_43 1 0 0
DQ6_44 1 0 0
DQ6_45 1 0 0
DQ6_46 1 0 0
DQ6_47 1 0 0
DQ6_48 1 0 0
DQ6_49 1 0 0
DQ6_5 1 0 0
DQ6_50 1 0 0
DQ6_51 1 0 0
DQ6_52 1 0 0
DQ6_53 1 0 0
DQ6_54 1 0 0
DQ6_55 1 0 0
DQ6_56 1 0 0
DQ6_57 1 0 0
DQ6_58 1 0 0
DQ6_59 1 0 0
DQ6_6 1 0 0
DQ6_60 1 0 0
DQ6_61 1 0 0
DQ6_62 1 0 0
DQ6_63 1 0 0
DQ6_7 1 0 0
DQ6_8 1 0 0
DQ6_9 1 0 0
DQ7_0 1 0 0
DQ7_1 1 0 0
DQ7_10 1 0 0
DQ7_11 1 0 0
DQ7_12 1 0 0
DQ7_13 1 0 0
DQ7_14 1 0 0
DQ7_15 1 0 0
DQ7_16 1 0 0
DQ7_17 1 0 0
DQ7_18 1 0 0
DQ7_19 1 0 0
DQ7_2 1 0 0
DQ7_20 1 0 0
DQ7_21 1 0 0
DQ7_22 1 0 0
DQ7_23 1 0 0
DQ7_24 1 0 0
DQ7_25 1 0 0
DQ7_26 1 0 0
DQ7_27 1 0 0
DQ7_28 1 0 0
DQ7_29 1 0 0
DQ7_3 1 0 0
DQ7_30 1 0 0
DQ7_31 1 0 0
DQ7_32 1 0 0
DQ7_33 1 0 0
DQ7_34 1 0 0
DQ7_35 1 0 0
DQ7_36 1 0 0
DQ7_37 1 0 0
DQ7_38 1 0 0
DQ7_39 1 0 0
DQ7_4 1 0 0
DQ7_40 1 0 0
DQ7_41 1 0 0
DQ7_42 1 0 0
DQ7_43 1 0 0
DQ7_44 1 0 0
DQ7_45 1 0 0
DQ7_46 1 0 0
DQ7_47 1 0 0
DQ7_48 1 0 0
DQ7_49 1 0 0
DQ7_5 1 0 0
DQ7_50 1 0 0
DQ7_51 1 0 0
DQ7_52 1 0 0
DQ7_53 1 0 0
DQ7_54 1 0 0
DQ7_55 1 0 0
DQ7_56 1 0 0
DQ7_57 1 0 0
DQ7_58 1 0 0
DQ7_59 1 0 0
DQ7_6 1 0 0
DQ7_60 1 0 0
DQ7_61 1 0 0
DQ7_62 1 0 0
DQ7_63 1 0 0
DQ7_7 1 0 0
DQ7_8 1 0 0
DQ7_9 1 0 0
DQ8_0 1 0 0
DQ8_1 1 0 0
DQ8_10 1 0 0
DQ8_11 1 0 0
DQ8_12 1 0 0
DQ8_13 1 0 0
DQ8_14 1 0 0
DQ8_15 1 0 0
DQ8_16 1 0 0
DQ8_17 1 0 0
DQ8_18 1 0 0
DQ8_19 1 0 0
DQ8_2 1 0 0
DQ8_20 1 0 0
DQ8_21 1 0 0
DQ8_22 1 0 0
DQ8_23 1 0 0
DQ8_24 1 0 0
DQ8_25 1 0 0
DQ8_26 1 0 0
DQ8_27 1 0 0
DQ8_28 1 0 0
DQ8_29 1 0 0
DQ8_3 1 0 0
DQ8_30 1 0 0
DQ8_31 1 0 0
DQ8_32 1 0 0
DQ8_33 1 0 0
DQ8_34 1 0 0
DQ8_35 1 0 0
DQ8_36 1 0 0
DQ8_37 1 0 0
DQ8_38 1 0 0
DQ8_39 1 0 0
DQ8_4 1 0 0
DQ8_40 1 0 0
DQ8_41 1 0 0
DQ8_42 1 0 0
DQ8_43 1 0 0
DQ8_44 1 0 0
DQ8_45 1 0 0
DQ8_46 1 0 0
DQ8_47 1 0 0
DQ8_48 1 0 0
DQ8_49 1 0 0
DQ8_5 1 0 0
DQ8_50 1 0 0
DQ8_51 1 0 0
DQ8_52 1 0 0
DQ8_53 1 0 0
DQ8_54 1 0 0
DQ8_55 1 0 0
DQ8_56 1 0 0
DQ8_57 1 0 0
DQ8_58 1 0 0
DQ8_59 1 0 0
DQ8_6 1 0 0
DQ8_60 1 0 0
DQ8_61 1 0 0
DQ8_62 1 0 0
DQ8_63 1 0 0
DQ8_7 1 0 0
DQ8_8 1 0 0
DQ8_9 1 0 0
DQ9_0 1 0 0
DQ9_1 1 0 0
DQ9_10 1 0 0
DQ9_11 1 0 0
DQ9_12 1 0 0
DQ9_13 1 0 0
DQ9_14 1 0 0
DQ9_15 1 0 0
DQ9_16 1 0 0
DQ9_17 1 0 0
DQ9_18 1 0 0
DQ9_19 1 0 0
DQ9_2 1 0 0
DQ9_20 1 0 0
DQ9_21 1 0 0
DQ9_22 1 0 0
DQ9_23 1 0 0
DQ9_24 1 0 0
DQ9_25 1 0 0
DQ9_26 1 0 0
DQ9_27 1 0 0
DQ9_28 1 0 0
DQ9_29 1 0 0
DQ9_3 1 0 0
DQ9_30 1 0 0
DQ9_31 1 0 0
DQ9_32 1 0 0
DQ9_33 1 0 0
DQ9_34 1 0 0
DQ9_35 1 0 0
DQ9_36 1 0 0
DQ9_37 1 0 0
DQ9_38 1 0 0
DQ9_39 1 0 0
DQ9_4 1 0 0
DQ9_40 1 0 0
DQ9_41 1 0 0
DQ9_42 1 0 0
DQ9_43 1 0 0
DQ9_44 1 0 0
DQ9_45 1 0 0
DQ9_46 1 0 0
DQ9_47 1 0 0
DQ9_48 1 0 0
DQ9_49 1 0 0
DQ9_5 1 0 0
DQ9_50 1 0 0
DQ9_51 1 0 0
DQ9_52 1 0 0
DQ9_53 1 0 0
DQ9_54 1 0 0
DQ9_55 1 0 0
DQ9_56 1 0 0
DQ9_57 1 0 0
DQ9_58 1 0 0
DQ9_59 1 0 0
DQ9_6 1 0 0
DQ9_60 1 0 0
DQ9_61 1 0 0
DQ9_62 1 0 0
DQ9_63 1 0 0
DQ9_7 1 0 0
DQ9_8 1 0 0
DQ9_9 1 0 0
ECC0_0 1 0 0
ECC0_1 1 0 0
ECC0_2 1 0 0
ECC0_3 1 0 0
ECC10_0 1 0 0
ECC10_1 1 0 0
ECC10_2 1 0 0
ECC10_3 1 0 0
ECC11_0 1 0 0
ECC11_1 1 0 0
ECC11_2 1 0 0
ECC11_3 1 0 0
ECC12_0 1 0 0
ECC12_1 1 0 0
ECC12_2 1 0 0
ECC12_3 1 0 0
ECC13_0 1 0 0
ECC13_1 1 0 0
ECC13_2 1 0 0
ECC13_3 1 0 0
ECC14_0 1 0 0
ECC14_1 1 0 0
ECC14_2 1 0 0
ECC14_3 1 0 0
ECC15_0 1 0 0
ECC15_1 1 0 0
ECC15_2 1 0 0
ECC15_3 1 0 0
ECC16_0 1 0 0
ECC16_1 1 0 0
ECC16_2 1 0 0
ECC16_3 1 0 0
ECC17_0 1 0 0
ECC17_1 1 0 0
ECC17_2 1 0 0
ECC17_3 1 0 0
ECC18_0 1 0 0
ECC18_1 1 0 0
ECC18_2 1 0 0
ECC18_3 1 0 0
ECC19_0 1 0 0
ECC19_1 1 0 0
ECC19_2 1 0 0
ECC19_3 1 0 0
ECC1_0 1 0 0
ECC1_1 1 0 0
ECC1_2 1 0 0
ECC1_3 1 0 0
ECC20_0 1 0 0
ECC20_1 1 0 0
ECC20_2 1 0 0
ECC20_3 1 0 0
ECC21_0 1 0 0
ECC21_1 1 0 0
ECC21_2 1 0 0
ECC21_3 1 0 0
ECC22_0 1 0 0
ECC22_1 1 0 0
ECC22_2 1 0 0
ECC22_3 1 0 0
ECC23_0 1 0 0
ECC23_1 1 0 0
ECC23_2 1 0 0
ECC23_3 1 0 0
ECC24_0 1 0 0
ECC24_1 1 0 0
ECC24_2 1 0 0
ECC24_3 1 0 0
ECC25_0 1 0 0
ECC25_1 1 0 0
ECC25_2 1 0 0
ECC25_3 1 0 0
ECC26_0 1 0 0
ECC26_1 1 0 0
ECC26_2 1 0 0
ECC26_3 1 0 0
ECC27_0 1 0 0
ECC27_1 1 0 0
ECC27_2 1 0 0
ECC27_3 1 0 0
ECC28_0 1 0 0
ECC28_1 1 0 0
ECC28_2 1 0 0
ECC28_3 1 0 0
ECC29_0 1 0 0
ECC29_1 1 0 0
ECC29_2 1 0 0
ECC29_3 1 0 0
ECC2_0 1 0 0
ECC2_1 1 0 0
ECC2_2 1 0 0
ECC2_3 1 0 0
ECC30_0 1 0 0
ECC30_1 1 0 0
ECC30_2 1 0 0
ECC30_3 1 0 0
ECC31_0 1 0 0
ECC31_1 1 0 0
ECC31_2 1 0 0
ECC31_3 1 0 0
ECC3_0 1 0 0
ECC3_1 1 0 0
ECC3_2 1 0 0
ECC3_3 1 0 0
ECC4_0 1 0 0
ECC4_1 1 0 0
ECC4_2 1 0 0
ECC4_3 1 0 0
ECC5_0 1 0 0
ECC5_1 1 0 0
ECC5_2 1 0 0
ECC5_3 1 0 0
ECC6_0 1 0 0
ECC6_1 1 0 0
ECC6_2 1 0 0
ECC6_3 1 0 0
ECC7_0 1 0 0
ECC7_1 1 0 0
ECC7_2 1 0 0
ECC7_3 1 0 0
ECC8_0 1 0 0
ECC8_1 1 0 0
ECC8_2 1 0 0
ECC8_3 1 0 0
ECC9_0 1 0 0
ECC9_1 1 0 0
ECC9_2 1 0 0
ECC9_3 1 0 0
MRFU0 1 0 0
MRFU1 1 0 0
MRFU2 1 0 0
MRFU3 1 0 0
NC 179.0 0.0
R0_0 1 0 0
R0_1 1 0 0
R0_2 1 0 0
R0_3 1 0 0
R0_4 1 0 0
R0_5 1 0 0
R0_6 1 0 0
R0_7 1 0 0
R0_8 1 0 0
R0_9 1 0 0
R10_0 1 0 0
R10_1 1 0 0
R10_2 1 0 0
R10_3 1 0 0
R10_4 1 0 0
R10_5 1 0 0
R10_6 1 0 0
R10_7 1 0 0
R10_8 1 0 0
R10_9 1 0 0
R11_0 1 0 0
R11_1 1 0 0
R11_2 1 0 0
R11_3 1 0 0
R11_4 1 0 0
R11_5 1 0 0
R11_6 1 0 0
R11_7 1 0 0
R11_8 1 0 0
R11_9 1 0 0
R12_0 1 0 0
R12_1 1 0 0
R12_2 1 0 0
R12_3 1 0 0
R12_4 1 0 0
R12_5 1 0 0
R12_6 1 0 0
R12_7 1 0 0
R12_8 1 0 0
R12_9 1 0 0
R13_0 1 0 0
R13_1 1 0 0
R13_2 1 0 0
R13_3 1 0 0
R13_4 1 0 0
R13_5 1 0 0
R13_6 1 0 0
R13_7 1 0 0
R13_8 1 0 0
R13_9 1 0 0
R14_0 1 0 0
R14_1 1 0 0
R14_2 1 0 0
R14_3 1 0 0
R14_4 1 0 0
R14_5 1 0 0
R14_6 1 0 0
R14_7 1 0 0
R14_8 1 0 0
R14_9 1 0 0
R15_0 1 0 0
R15_1 1 0 0
R15_2 1 0 0
R15_3 1 0 0
R15_4 1 0 0
R15_5 1 0 0
R15_6 1 0 0
R15_7 1 0 0
R15_8 1 0 0
R15_9 1 0 0
R16_0 1 0 0
R16_1 1 0 0
R16_2 1 0 0
R16_3 1 0 0
R16_4 1 0 0
R16_5 1 0 0
R16_6 1 0 0
R16_7 1 0 0
R16_8 1 0 0
R16_9 1 0 0
R17_0 1 0 0
R17_1 1 0 0
R17_2 1 0 0
R17_3 1 0 0
R17_4 1 0 0
R17_5 1 0 0
R17_6 1 0 0
R17_7 1 0 0
R17_8 1 0 0
R17_9 1 0 0
R18_0 1 0 0
R18_1 1 0 0
R18_2 1 0 0
R18_3 1 0 0
R18_4 1 0 0
R18_5 1 0 0
R18_6 1 0 0
R18_7 1 0 0
R18_8 1 0 0
R18_9 1 0 0
R19_0 1 0 0
R19_1 1 0 0
R19_2 1 0 0
R19_3 1 0 0
R19_4 1 0 0
R19_5 1 0 0
R19_6 1 0 0
R19_7 1 0 0
R19_8 1 0 0
R19_9 1 0 0
R1_0 1 0 0
R1_1 1 0 0
R1_2 1 0 0
R1_3 1 0 0
R1_4 1 0 0
R1_5 1 0 0
R1_6 1 0 0
R1_7 1 0 0
R1_8 1 0 0
R1_9 1 0 0
R20_0 1 0 0
R20_1 1 0 0
R20_2 1 0 0
R20_3 1 0 0
R20_4 1 0 0
R20_5 1 0 0
R20_6 1 0 0
R20_7 1 0 0
R20_8 1 0 0
R20_9 1 0 0
R21_0 1 0 0
R21_1 1 0 0
R21_2 1 0 0
R21_3 1 0 0
R21_4 1 0 0
R21_5 1 0 0
R21_6 1 0 0
R21_7 1 0 0
R21_8 1 0 0
R21_9 1 0 0
R22_0 1 0 0
R22_1 1 0 0
R22_2 1 0 0
R22_3 1 0 0
R22_4 1 0 0
R22_5 1 0 0
R22_6 1 0 0
R22_7 1 0 0
R22_8 1 0 0
R22_9 1 0 0
R23_0 1 0 0
R23_1 1 0 0
R23_2 1 0 0
R23_3 1 0 0
R23_4 1 0 0
R23_5 1 0 0
R23_6 1 0 0
R23_7 1 0 0
R23_8 1 0 0
R23_9 1 0 0
R24_0 1 0 0
R24_1 1 0 0
R24_2 1 0 0
R24_3 1 0 0
R24_4 1 0 0
R24_5 1 0 0
R24_6 1 0 0
R24_7 1 0 0
R24_8 1 0 0
R24_9 1 0 0
R25_0 1 0 0
R25_1 1 0 0
R25_2 1 0 0
R25_3 1 0 0
R25_4 1 0 0
R25_5 1 0 0
R25_6 1 0 0
R25_7 1 0 0
R25_8 1 0 0
R25_9 1 0 0
R26_0 1 0 0
R26_1 1 0 0
R26_2 1 0 0
R26_3 1 0 0
R26_4 1 0 0
R26_5 1 0 0
R26_6 1 0 0
R26_7 1 0 0
R26_8 1 0 0
R26_9 1 0 0
R27_0 1 0 0
R27_1 1 0 0
R27_2 1 0 0
R27_3 1 0 0
R27_4 1 0 0
R27_5 1 0 0
R27_6 1 0 0
R27_7 1 0 0
R27_8 1 0 0
R27_9 1 0 0
R28_0 1 0 0
R28_1 1 0 0
R28_2 1 0 0
R28_3 1 0 0
R28_4 1 0 0
R28_5 1 0 0
R28_6 1 0 0
R28_7 1 0 0
R28_8 1 0 0
R28_9 1 0 0
R29_0 1 0 0
R29_1 1 0 0
R29_2 1 0 0
R29_3 1 0 0
R29_4 1 0 0
R29_5 1 0 0
R29_6 1 0 0
R29_7 1 0 0
R29_8 1 0 0
R29_9 1 0 0
R2_0 1 0 0
R2_1 1 0 0
R2_2 1 0 0
R2_3 1 0 0
R2_4 1 0 0
R2_5 1 0 0
R2_6 1 0 0
R2_7 1 0 0
R2_8 1 0 0
R2_9 1 0 0
R30_0 1 0 0
R30_1 1 0 0
R30_2 1 0 0
R30_3 1 0 0
R30_4 1 0 0
R30_5 1 0 0
R30_6 1 0 0
R30_7 1 0 0
R30_8 1 0 0
R30_9 1 0 0
R31_0 1 0 0
R31_1 1 0 0
R31_2 1 0 0
R31_3 1 0 0
R31_4 1 0 0
R31_5 1 0 0
R31_6 1 0 0
R31_7 1 0 0
R31_8 1 0 0
R31_9 1 0 0
R3_0 1 0 0
R3_1 1 0 0
R3_2 1 0 0
R3_3 1 0 0
R3_4 1 0 0
R3_5 1 0 0
R3_6 1 0 0
R3_7 1 0 0
R3_8 1 0 0
R3_9 1 0 0
R4_0 1 0 0
R4_1 1 0 0
R4_2 1 0 0
R4_3 1 0 0
R4_4 1 0 0
R4_5 1 0 0
R4_6 1 0 0
R4_7 1 0 0
R4_8 1 0 0
R4_9 1 0 0
R5_0 1 0 0
R5_1 1 0 0
R5_2 1 0 0
R5_3 1 0 0
R5_4 1 0 0
R5_5 1 0 0
R5_6 1 0 0
R5_7 1 0 0
R5_8 1 0 0
R5_9 1 0 0
R6_0 1 0 0
R6_1 1 0 0
R6_2 1 0 0
R6_3 1 0 0
R6_4 1 0 0
R6_5 1 0 0
R6_6 1 0 0
R6_7 1 0 0
R6_8 1 0 0
R6_9 1 0 0
R7_0 1 0 0
R7_1 1 0 0
R7_2 1 0 0
R7_3 1 0 0
R7_4 1 0 0
R7_5 1 0 0
R7_6 1 0 0
R7_7 1 0 0
R7_8 1 0 0
R7_9 1 0 0
R8_0 1 0 0
R8_1 1 0 0
R8_2 1 0 0
R8_3 1 0 0
R8_4 1 0 0
R8_5 1 0 0
R8_6 1 0 0
R8_7 1 0 0
R8_8 1 0 0
R8_9 1 0 0
R9_0 1 0 0
R9_1 1 0 0
R9_2 1 0 0
R9_3 1 0 0
R9_4 1 0 0
R9_5 1 0 0
R9_6 1 0 0
R9_7 1 0 0
R9_8 1 0 0
R9_9 1 0 0
RA0 1 0 0
RA1 1 0 0
RA10 1 0 0
RA11 1 0 0
RA12 1 0 0
RA13 1 0 0
RA14 1 0 0
RA15 1 0 0
RA16 1 0 0
RA17 1 0 0
RA18 1 0 0
RA19 1 0 0
RA2 1 0 0
RA20 1 0 0
RA21 1 0 0
RA22 1 0 0
RA23 1 0 0
RA24 1 0 0
RA25 1 0 0
RA26 1 0 0
RA27 1 0 0
RA28 1 0 0
RA29 1 0 0
RA3 1 0 0
RA30 1 0 0
RA31 1 0 0
RA4 1 0 0
RA5 1 0 0
RA6 1 0 0
RA7 1 0 0
RA8 1 0 0
RA9 1 0 0
RD0_0 1 0 0
RD0_1 1 0 0
RD0_2 1 0 0
RD0_3 1 0 0
RD10_0 1 0 0
RD10_1 1 0 0
RD10_2 1 0 0
RD10_3 1 0 0
RD11_0 1 0 0
RD11_1 1 0 0
RD11_2 1 0 0
RD11_3 1 0 0
RD12_0 1 0 0
RD12_1 1 0 0
RD12_2 1 0 0
RD12_3 1 0 0
RD13_0 1 0 0
RD13_1 1 0 0
RD13_2 1 0 0
RD13_3 1 0 0
RD14_0 1 0 0
RD14_1 1 0 0
RD14_2 1 0 0
RD14_3 1 0 0
RD15_0 1 0 0
RD15_1 1 0 0
RD15_2 1 0 0
RD15_3 1 0 0
RD16_0 1 0 0
RD16_1 1 0 0
RD16_2 1 0 0
RD16_3 1 0 0
RD17_0 1 0 0
RD17_1 1 0 0
RD17_2 1 0 0
RD17_3 1 0 0
RD18_0 1 0 0
RD18_1 1 0 0
RD18_2 1 0 0
RD18_3 1 0 0
RD19_0 1 0 0
RD19_1 1 0 0
RD19_2 1 0 0
RD19_3 1 0 0
RD1_0 1 0 0
RD1_1 1 0 0
RD1_2 1 0 0
RD1_3 1 0 0
RD20_0 1 0 0
RD20_1 1 0 0
RD20_2 1 0 0
RD20_3 1 0 0
RD21_0 1 0 0
RD21_1 1 0 0
RD21_2 1 0 0
RD21_3 1 0 0
RD22_0 1 0 0
RD22_1 1 0 0
RD22_2 1 0 0
RD22_3 1 0 0
RD23_0 1 0 0
RD23_1 1 0 0
RD23_2 1 0 0
RD23_3 1 0 0
RD24_0 1 0 0
RD24_1 1 0 0
RD24_2 1 0 0
RD24_3 1 0 0
RD25_0 1 0 0
RD25_1 1 0 0
RD25_2 1 0 0
RD25_3 1 0 0
RD26_0 1 0 0
RD26_1 1 0 0
RD26_2 1 0 0
RD26_3 1 0 0
RD27_0 1 0 0
RD27_1 1 0 0
RD27_2 1 0 0
RD27_3 1 0 0
RD28_0 1 0 0
RD28_1 1 0 0
RD28_2 1 0 0
RD28_3 1 0 0
RD29_0 1 0 0
RD29_1 1 0 0
RD29_2 1 0 0
RD29_3 1 0 0
RD2_0 1 0 0
RD2_1 1 0 0
RD2_2 1 0 0
RD2_3 1 0 0
RD30_0 1 0 0
RD30_1 1 0 0
RD30_2 1 0 0
RD30_3 1 0 0
RD31_0 1 0 0
RD31_1 1 0 0
RD31_2 1 0 0
RD31_3 1 0 0
RD3_0 1 0 0
RD3_1 1 0 0
RD3_2 1 0 0
RD3_3 1 0 0
RD4_0 1 0 0
RD4_1 1 0 0
RD4_2 1 0 0
RD4_3 1 0 0
RD5_0 1 0 0
RD5_1 1 0 0
RD5_2 1 0 0
RD5_3 1 0 0
RD6_0 1 0 0
RD6_1 1 0 0
RD6_2 1 0 0
RD6_3 1 0 0
RD7_0 1 0 0
RD7_1 1 0 0
RD7_2 1 0 0
RD7_3 1 0 0
RD8_0 1 0 0
RD8_1 1 0 0
RD8_2 1 0 0
RD8_3 1 0 0
RD9_0 1 0 0
RD9_1 1 0 0
RD9_2 1 0 0
RD9_3 1 0 0
RDQS0_0_c 1 0 0
RDQS0_0_t 1 0 0
RDQS0_1_c 1 0 0
RDQS0_1_t 1 0 0
RDQS10_0_c 1 0 0
RDQS10_0_t 1 0 0
RDQS10_1_c 1 0 0
RDQS10_1_t 1 0 0
RDQS11_0_c 1 0 0
RDQS11_0_t 1 0 0
RDQS11_1_c 1 0 0
RDQS11_1_t 1 0 0
RDQS12_0_c 1 0 0
RDQS12_0_t 1 0 0
RDQS12_1_c 1 0 0
RDQS12_1_t 1 0 0
RDQS13_0_c 1 0 0
RDQS13_0_t 1 0 0
RDQS13_1_c 1 0 0
RDQS13_1_t 1 0 0
RDQS14_0_c 1 0 0
RDQS14_0_t 1 0 0
RDQS14_1_c 1 0 0
RDQS14_1_t 1 0 0
RDQS15_0_c 1 0 0
RDQS15_0_t 1 0 0
RDQS15_1_c 1 0 0
RDQS15_1_t 1 0 0
RDQS16_0_c 1 0 0
RDQS16_0_t 1 0 0
RDQS16_1_c 1 0 0
RDQS16_1_t 1 0 0
RDQS17_0_c 1 0 0
RDQS17_0_t 1 0 0
RDQS17_1_c 1 0 0
RDQS17_1_t 1 0 0
RDQS18_0_c 1 0 0
RDQS18_0_t 1 0 0
RDQS18_1_c 1 0 0
RDQS18_1_t 1 0 0
RDQS19_0_c 1 0 0
RDQS19_0_t 1 0 0
RDQS19_1_c 1 0 0
RDQS19_1_t 1 0 0
RDQS1_0_c 1 0 0
RDQS1_0_t 1 0 0
RDQS1_1_c 1 0 0
RDQS1_1_t 1 0 0
RDQS20_0_c 1 0 0
RDQS20_0_t 1 0 0
RDQS20_1_c 1 0 0
RDQS20_1_t 1 0 0
RDQS21_0_c 1 0 0
RDQS21_0_t 1 0 0
RDQS21_1_c 1 0 0
RDQS21_1_t 1 0 0
RDQS22_0_c 1 0 0
RDQS22_0_t 1 0 0
RDQS22_1_c 1 0 0
RDQS22_1_t 1 0 0
RDQS23_0_c 1 0 0
RDQS23_0_t 1 0 0
RDQS23_1_c 1 0 0
RDQS23_1_t 1 0 0
RDQS24_0_c 1 0 0
RDQS24_0_t 1 0 0
RDQS24_1_c 1 0 0
RDQS24_1_t 1 0 0
RDQS25_0_c 1 0 0
RDQS25_0_t 1 0 0
RDQS25_1_c 1 0 0
RDQS25_1_t 1 0 0
RDQS26_0_c 1 0 0
RDQS26_0_t 1 0 0
RDQS26_1_c 1 0 0
RDQS26_1_t 1 0 0
RDQS27_0_c 1 0 0
RDQS27_0_t 1 0 0
RDQS27_1_c 1 0 0
RDQS27_1_t 1 0 0
RDQS28_0_c 1 0 0
RDQS28_0_t 1 0 0
RDQS28_1_c 1 0 0
RDQS28_1_t 1 0 0
RDQS29_0_c 1 0 0
RDQS29_0_t 1 0 0
RDQS29_1_c 1 0 0
RDQS29_1_t 1 0 0
RDQS2_0_c 1 0 0
RDQS2_0_t 1 0 0
RDQS2_1_c 1 0 0
RDQS2_1_t 1 0 0
RDQS30_0_c 1 0 0
RDQS30_0_t 1 0 0
RDQS30_1_c 1 0 0
RDQS30_1_t 1 0 0
RDQS31_0_c 1 0 0
RDQS31_0_t 1 0 0
RDQS31_1_c 1 0 0
RDQS31_1_t 1 0 0
RDQS3_0_c 1 0 0
RDQS3_0_t 1 0 0
RDQS3_1_c 1 0 0
RDQS3_1_t 1 0 0
RDQS4_0_c 1 0 0
RDQS4_0_t 1 0 0
RDQS4_1_c 1 0 0
RDQS4_1_t 1 0 0
RDQS5_0_c 1 0 0
RDQS5_0_t 1 0 0
RDQS5_1_c 1 0 0
RDQS5_1_t 1 0 0
RDQS6_0_c 1 0 0
RDQS6_0_t 1 0 0
RDQS6_1_c 1 0 0
RDQS6_1_t 1 0 0
RDQS7_0_c 1 0 0
RDQS7_0_t 1 0 0
RDQS7_1_c 1 0 0
RDQS7_1_t 1 0 0
RDQS8_0_c 1 0 0
RDQS8_0_t 1 0 0
RDQS8_1_c 1 0 0
RDQS8_1_t 1 0 0
RDQS9_0_c 1 0 0
RDQS9_0_t 1 0 0
RDQS9_1_c 1 0 0
RDQS9_1_t 1 0 0
RESET_n 2 1 1
RM0 1 0 0
RM1 1 0 0
SELECTWIR 2 1 1
SEV0_0 1 0 0
SEV0_1 1 0 0
SEV0_2 1 0 0
SEV0_3 1 0 0
SEV10_0 1 0 0
SEV10_1 1 0 0
SEV10_2 1 0 0
SEV10_3 1 0 0
SEV11_0 1 0 0
SEV11_1 1 0 0
SEV11_2 1 0 0
SEV11_3 1 0 0
SEV12_0 1 0 0
SEV12_1 1 0 0
SEV12_2 1 0 0
SEV12_3 1 0 0
SEV13_0 1 0 0
SEV13_1 1 0 0
SEV13_2 1 0 0
SEV13_3 1 0 0
SEV14_0 1 0 0
SEV14_1 1 0 0
SEV14_2 1 0 0
SEV14_3 1 0 0
SEV15_0 1 0 0
SEV15_1 1 0 0
SEV15_2 1 0 0
SEV15_3 1 0 0
SEV16_0 1 0 0
SEV16_1 1 0 0
SEV16_2 1 0 0
SEV16_3 1 0 0
SEV17_0 1 0 0
SEV17_1 1 0 0
SEV17_2 1 0 0
SEV17_3 1 0 0
SEV18_0 1 0 0
SEV18_1 1 0 0
SEV18_2 1 0 0
SEV18_3 1 0 0
SEV19_0 1 0 0
SEV19_1 1 0 0
SEV19_2 1 0 0
SEV19_3 1 0 0
SEV1_0 1 0 0
SEV1_1 1 0 0
SEV1_2 1 0 0
SEV1_3 1 0 0
SEV20_0 1 0 0
SEV20_1 1 0 0
SEV20_2 1 0 0
SEV20_3 1 0 0
SEV21_0 1 0 0
SEV21_1 1 0 0
SEV21_2 1 0 0
SEV21_3 1 0 0
SEV22_0 1 0 0
SEV22_1 1 0 0
SEV22_2 1 0 0
SEV22_3 1 0 0
SEV23_0 1 0 0
SEV23_1 1 0 0
SEV23_2 1 0 0
SEV23_3 1 0 0
SEV24_0 1 0 0
SEV24_1 1 0 0
SEV24_2 1 0 0
SEV24_3 1 0 0
SEV25_0 1 0 0
SEV25_1 1 0 0
SEV25_2 1 0 0
SEV25_3 1 0 0
SEV26_0 1 0 0
SEV26_1 1 0 0
SEV26_2 1 0 0
SEV26_3 1 0 0
SEV27_0 1 0 0
SEV27_1 1 0 0
SEV27_2 1 0 0
SEV27_3 1 0 0
SEV28_0 1 0 0
SEV28_1 1 0 0
SEV28_2 1 0 0
SEV28_3 1 0 0
SEV29_0 1 0 0
SEV29_1 1 0 0
SEV29_2 1 0 0
SEV29_3 1 0 0
SEV2_0 1 0 0
SEV2_1 1 0 0
SEV2_2 1 0 0
SEV2_3 1 0 0
SEV30_0 1 0 0
SEV30_1 1 0 0
SEV30_2 1 0 0
SEV30_3 1 0 0
SEV31_0 1 0 0
SEV31_1 1 0 0
SEV31_2 1 0 0
SEV31_3 1 0 0
SEV3_0 1 0 0
SEV3_1 1 0 0
SEV3_2 1 0 0
SEV3_3 1 0 0
SEV4_0 1 0 0
SEV4_1 1 0 0
SEV4_2 1 0 0
SEV4_3 1 0 0
SEV5_0 1 0 0
SEV5_1 1 0 0
SEV5_2 1 0 0
SEV5_3 1 0 0
SEV6_0 1 0 0
SEV6_1 1 0 0
SEV6_2 1 0 0
SEV6_3 1 0 0
SEV7_0 1 0 0
SEV7_1 1 0 0
SEV7_2 1 0 0
SEV7_3 1 0 0
SEV8_0 1 0 0
SEV8_1 1 0 0
SEV8_2 1 0 0
SEV8_3 1 0 0
SEV9_0 1 0 0
SEV9_1 1 0 0
SEV9_2 1 0 0
SEV9_3 1 0 0
SHIFTWR 2 1 1
UPDATEWR 2 1 1
VDDC 2628 2628 1314
VDDQ 3718 3718 1859
VDDQL 1476 1476 738
VPP 775 775 388
VSS 5484 5484 2742
WDQS0_0_c 1 0 0
WDQS0_0_t 1 0 0
WDQS0_1_c 1 0 0
WDQS0_1_t 1 0 0
WDQS10_0_c 1 0 0
WDQS10_0_t 1 0 0
WDQS10_1_c 1 0 0
WDQS10_1_t 1 0 0
WDQS11_0_c 1 0 0
WDQS11_0_t 1 0 0
WDQS11_1_c 1 0 0
WDQS11_1_t 1 0 0
WDQS12_0_c 1 0 0
WDQS12_0_t 1 0 0
WDQS12_1_c 1 0 0
WDQS12_1_t 1 0 0
WDQS13_0_c 1 0 0
WDQS13_0_t 1 0 0
WDQS13_1_c 1 0 0
WDQS13_1_t 1 0 0
WDQS14_0_c 1 0 0
WDQS14_0_t 1 0 0
WDQS14_1_c 1 0 0
WDQS14_1_t 1 0 0
WDQS15_0_c 1 0 0
WDQS15_0_t 1 0 0
WDQS15_1_c 1 0 0
WDQS15_1_t 1 0 0
WDQS16_0_c 1 0 0
WDQS16_0_t 1 0 0
WDQS16_1_c 1 0 0
WDQS16_1_t 1 0 0
WDQS17_0_c 1 0 0
WDQS17_0_t 1 0 0
WDQS17_1_c 1 0 0
WDQS17_1_t 1 0 0
WDQS18_0_c 1 0 0
WDQS18_0_t 1 0 0
WDQS18_1_c 1 0 0
WDQS18_1_t 1 0 0
WDQS19_0_c 1 0 0
WDQS19_0_t 1 0 0
WDQS19_1_c 1 0 0
WDQS19_1_t 1 0 0
WDQS1_0_c 1 0 0
WDQS1_0_t 1 0 0
WDQS1_1_c 1 0 0
WDQS1_1_t 1 0 0
WDQS20_0_c 1 0 0
WDQS20_0_t 1 0 0
WDQS20_1_c 1 0 0
WDQS20_1_t 1 0 0
WDQS21_0_c 1 0 0
WDQS21_0_t 1 0 0
WDQS21_1_c 1 0 0
WDQS21_1_t 1 0 0
WDQS22_0_c 1 0 0
WDQS22_0_t 1 0 0
WDQS22_1_c 1 0 0
WDQS22_1_t 1 0 0
WDQS23_0_c 1 0 0
WDQS23_0_t 1 0 0
WDQS23_1_c 1 0 0
WDQS23_1_t 1 0 0
WDQS24_0_c 1 0 0
WDQS24_0_t 1 0 0
WDQS24_1_c 1 0 0
WDQS24_1_t 1 0 0
WDQS25_0_c 1 0 0
WDQS25_0_t 1 0 0
WDQS25_1_c 1 0 0
WDQS25_1_t 1 0 0
WDQS26_0_c 1 0 0
WDQS26_0_t 1 0 0
WDQS26_1_c 1 0 0
WDQS26_1_t 1 0 0
WDQS27_0_c 1 0 0
WDQS27_0_t 1 0 0
WDQS27_1_c 1 0 0
WDQS27_1_t 1 0 0
WDQS28_0_c 1 0 0
WDQS28_0_t 1 0 0
WDQS28_1_c 1 0 0
WDQS28_1_t 1 0 0
WDQS29_0_c 1 0 0
WDQS29_0_t 1 0 0
WDQS29_1_c 1 0 0
WDQS29_1_t 1 0 0
WDQS2_0_c 1 0 0
WDQS2_0_t 1 0 0
WDQS2_1_c 1 0 0
WDQS2_1_t 1 0 0
WDQS30_0_c 1 0 0
WDQS30_0_t 1 0 0
WDQS30_1_c 1 0 0
WDQS30_1_t 1 0 0
WDQS31_0_c 1 0 0
WDQS31_0_t 1 0 0
WDQS31_1_c 1 0 0
WDQS31_1_t 1 0 0
WDQS3_0_c 1 0 0
WDQS3_0_t 1 0 0
WDQS3_1_c 1 0 0
WDQS3_1_t 1 0 0
WDQS4_0_c 1 0 0
WDQS4_0_t 1 0 0
WDQS4_1_c 1 0 0
WDQS4_1_t 1 0 0
WDQS5_0_c 1 0 0
WDQS5_0_t 1 0 0
WDQS5_1_c 1 0 0
WDQS5_1_t 1 0 0
WDQS6_0_c 1 0 0
WDQS6_0_t 1 0 0
WDQS6_1_c 1 0 0
WDQS6_1_t 1 0 0
WDQS7_0_c 1 0 0
WDQS7_0_t 1 0 0
WDQS7_1_c 1 0 0
WDQS7_1_t 1 0 0
WDQS8_0_c 1 0 0
WDQS8_0_t 1 0 0
WDQS8_1_c 1 0 0
WDQS8_1_t 1 0 0
WDQS9_0_c 1 0 0
WDQS9_0_t 1 0 0
WDQS9_1_c 1 0 0
WDQS9_1_t 1 0 0
WRCK 2 1 1
WRST_n 2 1 1
WSI 2 1 1
WSO0 1 0 0
WSO1 1 0 0
WSO10 1 0 0
WSO11 1 0 0
WSO12 1 0 0
WSO13 1 0 0
WSO14 1 0 0
WSO15 1 0 0
WSO16 1 0 0
WSO17 1 0 0
WSO18 1 0 0
WSO19 1 0 0
WSO2 1 0 0
WSO20 1 0 0
WSO21 1 0 0
WSO22 1 0 0
WSO23 1 0 0
WSO24 1 0 0
WSO25 1 0 0
WSO26 1 0 0
WSO27 1 0 0
WSO28 1 0 0
WSO29 1 0 0
WSO3 1 0 0
WSO30 1 0 0
WSO31 1 0 0
WSO4 1 0 0
WSO5 1 0 0
WSO6 1 0 0
WSO7 1 0 0
WSO8 1 0 0
WSO9 1 0 0
dummy 0 0 0 
