VDD 2000 1999 1999
VSS 2000 1999 1999
dummy 4000 3999 3999
s0 1 0 0
s1 2 1 1
s10 1 0 0
s100 3 2 2
s1000 3 2 2
s1001 2 1 1
s1002 2 1 1
s1003 3 2 2
s1004 3 2 2
s1005 3 2 2
s1006 1 0 0
s1007 3 2 2
s1008 3 2 2
s1009 1 0 0
s101 3 2 2
s1010 2 1 1
s1011 1 0 0
s1012 1 0 0
s1013 2 1 1
s1014 2 1 1
s1015 1 0 0
s1016 2 1 1
s1017 3 2 2
s102 1 0 0
s103 1 0 0
s104 1 0 0
s105 3 2 2
s106 2 1 1
s107 3 2 2
s108 1 0 0
s109 3 2 2
s11 2 1 1
s110 2 1 1
s111 2 1 1
s112 1 0 0
s113 2 1 1
s114 1 0 0
s115 3 2 2
s116 3 2 2
s117 3 2 2
s118 2 1 1
s119 1 0 0
s12 3 2 2
s120 3 2 2
s121 2 1 1
s122 1 0 0
s123 1 0 0
s124 2 1 1
s125 1 0 0
s126 3 2 2
s127 2 1 1
s128 3 2 2
s129 1 0 0
s13 3 2 2
s130 3 2 2
s131 1 0 0
s132 3 2 2
s133 1 0 0
s134 2 1 1
s135 1 0 0
s136 1 0 0
s137 3 2 2
s138 3 2 2
s139 2 1 1
s14 3 2 2
s140 3 2 2
s141 1 0 0
s142 3 2 2
s143 1 0 0
s144 3 2 2
s145 3 2 2
s146 2 1 1
s147 2 1 1
s148 2 1 1
s149 1 0 0
s15 1 0 0
s150 1 0 0
s151 3 2 2
s152 1 0 0
s153 2 1 1
s154 1 0 0
s155 3 2 2
s156 1 0 0
s157 2 1 1
s158 3 2 2
s159 3 2 2
s16 3 2 2
s160 2 1 1
s161 1 0 0
s162 2 1 1
s163 1 0 0
s164 2 1 1
s165 1 0 0
s166 3 2 2
s167 2 1 1
s168 1 0 0
s169 1 0 0
s17 3 2 2
s170 1 0 0
s171 1 0 0
s172 2 1 1
s173 3 2 2
s174 3 2 2
s175 3 2 2
s176 1 0 0
s177 2 1 1
s178 1 0 0
s179 1 0 0
s18 2 1 1
s180 2 1 1
s181 3 2 2
s182 1 0 0
s183 3 2 2
s184 1 0 0
s185 2 1 1
s186 1 0 0
s187 1 0 0
s188 1 0 0
s189 1 0 0
s19 2 1 1
s190 3 2 2
s191 1 0 0
s192 2 1 1
s193 2 1 1
s194 1 0 0
s195 3 2 2
s196 1 0 0
s197 3 2 2
s198 3 2 2
s199 3 2 2
s2 2 1 1
s20 1 0 0
s200 2 1 1
s201 1 0 0
s202 3 2 2
s203 3 2 2
s204 2 1 1
s205 2 1 1
s206 3 2 2
s207 2 1 1
s208 3 2 2
s209 2 1 1
s21 2 1 1
s210 3 2 2
s211 3 2 2
s212 1 0 0
s213 3 2 2
s214 1 0 0
s215 1 0 0
s216 2 1 1
s217 2 1 1
s218 1 0 0
s219 3 2 2
s22 3 2 2
s220 1 0 0
s221 3 2 2
s222 1 0 0
s223 1 0 0
s224 2 1 1
s225 3 2 2
s226 3 2 2
s227 2 1 1
s228 2 1 1
s229 2 1 1
s23 2 1 1
s230 1 0 0
s231 3 2 2
s232 1 0 0
s233 2 1 1
s234 2 1 1
s235 2 1 1
s236 1 0 0
s237 2 1 1
s238 1 0 0
s239 1 0 0
s24 3 2 2
s240 1 0 0
s241 3 2 2
s242 1 0 0
s243 2 1 1
s244 1 0 0
s245 1 0 0
s246 2 1 1
s247 3 2 2
s248 3 2 2
s249 3 2 2
s25 3 2 2
s250 1 0 0
s251 2 1 1
s252 1 0 0
s253 1 0 0
s254 3 2 2
s255 1 0 0
s256 2 1 1
s257 1 0 0
s258 1 0 0
s259 1 0 0
s26 3 2 2
s260 1 0 0
s261 1 0 0
s262 1 0 0
s263 3 2 2
s264 3 2 2
s265 1 0 0
s266 3 2 2
s267 1 0 0
s268 2 1 1
s269 2 1 1
s27 1 0 0
s270 3 2 2
s271 2 1 1
s272 3 2 2
s273 2 1 1
s274 3 2 2
s275 3 2 2
s276 3 2 2
s277 3 2 2
s278 1 0 0
s279 2 1 1
s28 3 2 2
s280 2 1 1
s281 2 1 1
s282 3 2 2
s283 2 1 1
s284 2 1 1
s285 2 1 1
s286 1 0 0
s287 1 0 0
s288 1 0 0
s289 1 0 0
s29 1 0 0
s290 2 1 1
s291 2 1 1
s292 1 0 0
s293 3 2 2
s294 2 1 1
s295 2 1 1
s296 3 2 2
s297 3 2 2
s298 3 2 2
s299 3 2 2
s3 3 2 2
s30 1 0 0
s300 1 0 0
s301 2 1 1
s302 2 1 1
s303 1 0 0
s304 1 0 0
s305 2 1 1
s306 2 1 1
s307 1 0 0
s308 1 0 0
s309 3 2 2
s31 2 1 1
s310 1 0 0
s311 3 2 2
s312 2 1 1
s313 2 1 1
s314 3 2 2
s315 2 1 1
s316 2 1 1
s317 1 0 0
s318 1 0 0
s319 3 2 2
s32 2 1 1
s320 1 0 0
s321 2 1 1
s322 1 0 0
s323 2 1 1
s324 3 2 2
s325 3 2 2
s326 3 2 2
s327 3 2 2
s328 1 0 0
s329 3 2 2
s33 2 1 1
s330 2 1 1
s331 1 0 0
s332 1 0 0
s333 3 2 2
s334 2 1 1
s335 2 1 1
s336 2 1 1
s337 3 2 2
s338 2 1 1
s339 3 2 2
s34 3 2 2
s340 2 1 1
s341 3 2 2
s342 2 1 1
s343 1 0 0
s344 2 1 1
s345 1 0 0
s346 1 0 0
s347 2 1 1
s348 3 2 2
s349 2 1 1
s35 2 1 1
s350 1 0 0
s351 1 0 0
s352 2 1 1
s353 3 2 2
s354 3 2 2
s355 3 2 2
s356 1 0 0
s357 2 1 1
s358 2 1 1
s359 3 2 2
s36 2 1 1
s360 3 2 2
s361 1 0 0
s362 1 0 0
s363 2 1 1
s364 1 0 0
s365 2 1 1
s366 2 1 1
s367 2 1 1
s368 1 0 0
s369 3 2 2
s37 3 2 2
s370 1 0 0
s371 3 2 2
s372 1 0 0
s373 3 2 2
s374 1 0 0
s375 1 0 0
s376 3 2 2
s377 1 0 0
s378 3 2 2
s379 1 0 0
s38 1 0 0
s380 1 0 0
s381 3 2 2
s382 2 1 1
s383 3 2 2
s384 1 0 0
s385 1 0 0
s386 1 0 0
s387 3 2 2
s388 1 0 0
s389 2 1 1
s39 1 0 0
s390 1 0 0
s391 2 1 1
s392 3 2 2
s393 2 1 1
s394 3 2 2
s395 3 2 2
s396 2 1 1
s397 1 0 0
s398 3 2 2
s399 3 2 2
s4 3 2 2
s40 2 1 1
s400 1 0 0
s401 2 1 1
s402 1 0 0
s403 2 1 1
s404 1 0 0
s405 2 1 1
s406 2 1 1
s407 2 1 1
s408 2 1 1
s409 1 0 0
s41 1 0 0
s410 3 2 2
s411 1 0 0
s412 2 1 1
s413 1 0 0
s414 2 1 1
s415 2 1 1
s416 1 0 0
s417 1 0 0
s418 2 1 1
s419 1 0 0
s42 1 0 0
s420 3 2 2
s421 1 0 0
s422 1 0 0
s423 2 1 1
s424 2 1 1
s425 3 2 2
s426 1 0 0
s427 1 0 0
s428 3 2 2
s429 3 2 2
s43 1 0 0
s430 2 1 1
s431 1 0 0
s432 1 0 0
s433 2 1 1
s434 1 0 0
s435 1 0 0
s436 1 0 0
s437 2 1 1
s438 2 1 1
s439 3 2 2
s44 3 2 2
s440 2 1 1
s441 2 1 1
s442 2 1 1
s443 1 0 0
s444 3 2 2
s445 3 2 2
s446 3 2 2
s447 3 2 2
s448 3 2 2
s449 3 2 2
s45 3 2 2
s450 1 0 0
s451 3 2 2
s452 2 1 1
s453 2 1 1
s454 2 1 1
s455 2 1 1
s456 3 2 2
s457 2 1 1
s458 1 0 0
s459 2 1 1
s46 3 2 2
s460 3 2 2
s461 2 1 1
s462 1 0 0
s463 2 1 1
s464 1 0 0
s465 2 1 1
s466 2 1 1
s467 2 1 1
s468 1 0 0
s469 2 1 1
s47 2 1 1
s470 3 2 2
s471 1 0 0
s472 3 2 2
s473 2 1 1
s474 1 0 0
s475 1 0 0
s476 1 0 0
s477 3 2 2
s478 1 0 0
s479 1 0 0
s48 1 0 0
s480 1 0 0
s481 2 1 1
s482 2 1 1
s483 2 1 1
s484 2 1 1
s485 2 1 1
s486 3 2 2
s487 3 2 2
s488 1 0 0
s489 2 1 1
s49 1 0 0
s490 2 1 1
s491 2 1 1
s492 2 1 1
s493 3 2 2
s494 3 2 2
s495 2 1 1
s496 3 2 2
s497 1 0 0
s498 2 1 1
s499 2 1 1
s5 3 2 2
s50 2 1 1
s500 1 0 0
s501 1 0 0
s502 3 2 2
s503 3 2 2
s504 1 0 0
s505 1 0 0
s506 2 1 1
s507 3 2 2
s508 3 2 2
s509 3 2 2
s51 2 1 1
s510 1 0 0
s511 1 0 0
s512 2 1 1
s513 1 0 0
s514 3 2 2
s515 3 2 2
s516 1 0 0
s517 1 0 0
s518 2 1 1
s519 3 2 2
s52 1 0 0
s520 1 0 0
s521 3 2 2
s522 2 1 1
s523 3 2 2
s524 3 2 2
s525 2 1 1
s526 1 0 0
s527 2 1 1
s528 1 0 0
s529 1 0 0
s53 2 1 1
s530 2 1 1
s531 1 0 0
s532 2 1 1
s533 2 1 1
s534 1 0 0
s535 1 0 0
s536 2 1 1
s537 2 1 1
s538 1 0 0
s539 1 0 0
s54 1 0 0
s540 1 0 0
s541 3 2 2
s542 2 1 1
s543 1 0 0
s544 2 1 1
s545 1 0 0
s546 1 0 0
s547 2 1 1
s548 2 1 1
s549 3 2 2
s55 1 0 0
s550 1 0 0
s551 1 0 0
s552 2 1 1
s553 3 2 2
s554 1 0 0
s555 3 2 2
s556 2 1 1
s557 3 2 2
s558 3 2 2
s559 1 0 0
s56 1 0 0
s560 2 1 1
s561 3 2 2
s562 1 0 0
s563 2 1 1
s564 3 2 2
s565 3 2 2
s566 1 0 0
s567 3 2 2
s568 2 1 1
s569 1 0 0
s57 1 0 0
s570 2 1 1
s571 2 1 1
s572 3 2 2
s573 3 2 2
s574 1 0 0
s575 3 2 2
s576 2 1 1
s577 2 1 1
s578 1 0 0
s579 1 0 0
s58 1 0 0
s580 1 0 0
s581 1 0 0
s582 1 0 0
s583 2 1 1
s584 1 0 0
s585 2 1 1
s586 3 2 2
s587 2 1 1
s588 1 0 0
s589 3 2 2
s59 2 1 1
s590 1 0 0
s591 2 1 1
s592 2 1 1
s593 3 2 2
s594 1 0 0
s595 3 2 2
s596 1 0 0
s597 2 1 1
s598 2 1 1
s599 3 2 2
s6 2 1 1
s60 2 1 1
s600 1 0 0
s601 3 2 2
s602 1 0 0
s603 1 0 0
s604 2 1 1
s605 2 1 1
s606 1 0 0
s607 1 0 0
s608 2 1 1
s609 2 1 1
s61 2 1 1
s610 1 0 0
s611 3 2 2
s612 2 1 1
s613 3 2 2
s614 1 0 0
s615 3 2 2
s616 3 2 2
s617 1 0 0
s618 1 0 0
s619 1 0 0
s62 1 0 0
s620 3 2 2
s621 3 2 2
s622 2 1 1
s623 1 0 0
s624 1 0 0
s625 2 1 1
s626 2 1 1
s627 2 1 1
s628 3 2 2
s629 2 1 1
s63 2 1 1
s630 2 1 1
s631 3 2 2
s632 3 2 2
s633 3 2 2
s634 3 2 2
s635 3 2 2
s636 2 1 1
s637 2 1 1
s638 1 0 0
s639 2 1 1
s64 2 1 1
s640 1 0 0
s641 2 1 1
s642 3 2 2
s643 1 0 0
s644 3 2 2
s645 3 2 2
s646 1 0 0
s647 1 0 0
s648 2 1 1
s649 1 0 0
s65 1 0 0
s650 2 1 1
s651 3 2 2
s652 2 1 1
s653 3 2 2
s654 2 1 1
s655 1 0 0
s656 2 1 1
s657 2 1 1
s658 1 0 0
s659 2 1 1
s66 3 2 2
s660 3 2 2
s661 1 0 0
s662 2 1 1
s663 2 1 1
s664 3 2 2
s665 3 2 2
s666 3 2 2
s667 1 0 0
s668 1 0 0
s669 1 0 0
s67 3 2 2
s670 1 0 0
s671 3 2 2
s672 2 1 1
s673 2 1 1
s674 2 1 1
s675 3 2 2
s676 2 1 1
s677 2 1 1
s678 3 2 2
s679 1 0 0
s68 1 0 0
s680 1 0 0
s681 2 1 1
s682 2 1 1
s683 3 2 2
s684 2 1 1
s685 1 0 0
s686 1 0 0
s687 2 1 1
s688 1 0 0
s689 2 1 1
s69 2 1 1
s690 1 0 0
s691 3 2 2
s692 3 2 2
s693 3 2 2
s694 3 2 2
s695 2 1 1
s696 3 2 2
s697 1 0 0
s698 2 1 1
s699 2 1 1
s7 1 0 0
s70 2 1 1
s700 2 1 1
s701 2 1 1
s702 3 2 2
s703 2 1 1
s704 1 0 0
s705 1 0 0
s706 1 0 0
s707 2 1 1
s708 1 0 0
s709 1 0 0
s71 3 2 2
s710 3 2 2
s711 3 2 2
s712 3 2 2
s713 3 2 2
s714 1 0 0
s715 1 0 0
s716 2 1 1
s717 1 0 0
s718 1 0 0
s719 2 1 1
s72 3 2 2
s720 3 2 2
s721 3 2 2
s722 3 2 2
s723 1 0 0
s724 1 0 0
s725 1 0 0
s726 1 0 0
s727 3 2 2
s728 3 2 2
s729 1 0 0
s73 3 2 2
s730 2 1 1
s731 2 1 1
s732 2 1 1
s733 3 2 2
s734 2 1 1
s735 1 0 0
s736 1 0 0
s737 1 0 0
s738 1 0 0
s739 2 1 1
s74 1 0 0
s740 1 0 0
s741 3 2 2
s742 3 2 2
s743 3 2 2
s744 1 0 0
s745 3 2 2
s746 2 1 1
s747 3 2 2
s748 3 2 2
s749 1 0 0
s75 1 0 0
s750 3 2 2
s751 2 1 1
s752 1 0 0
s753 3 2 2
s754 3 2 2
s755 1 0 0
s756 2 1 1
s757 2 1 1
s758 2 1 1
s759 3 2 2
s76 2 1 1
s760 3 2 2
s761 3 2 2
s762 3 2 2
s763 3 2 2
s764 2 1 1
s765 3 2 2
s766 3 2 2
s767 2 1 1
s768 1 0 0
s769 3 2 2
s77 3 2 2
s770 1 0 0
s771 3 2 2
s772 3 2 2
s773 1 0 0
s774 3 2 2
s775 3 2 2
s776 1 0 0
s777 1 0 0
s778 2 1 1
s779 3 2 2
s78 3 2 2
s780 2 1 1
s781 2 1 1
s782 1 0 0
s783 1 0 0
s784 2 1 1
s785 1 0 0
s786 2 1 1
s787 3 2 2
s788 3 2 2
s789 1 0 0
s79 2 1 1
s790 2 1 1
s791 3 2 2
s792 1 0 0
s793 3 2 2
s794 1 0 0
s795 2 1 1
s796 3 2 2
s797 2 1 1
s798 1 0 0
s799 3 2 2
s8 3 2 2
s80 2 1 1
s800 2 1 1
s801 1 0 0
s802 3 2 2
s803 1 0 0
s804 3 2 2
s805 3 2 2
s806 1 0 0
s807 2 1 1
s808 3 2 2
s809 1 0 0
s81 1 0 0
s810 3 2 2
s811 2 1 1
s812 3 2 2
s813 1 0 0
s814 3 2 2
s815 1 0 0
s816 2 1 1
s817 2 1 1
s818 2 1 1
s819 1 0 0
s82 2 1 1
s820 2 1 1
s821 2 1 1
s822 1 0 0
s823 2 1 1
s824 1 0 0
s825 1 0 0
s826 2 1 1
s827 3 2 2
s828 3 2 2
s829 1 0 0
s83 3 2 2
s830 2 1 1
s831 1 0 0
s832 3 2 2
s833 1 0 0
s834 2 1 1
s835 2 1 1
s836 2 1 1
s837 1 0 0
s838 1 0 0
s839 1 0 0
s84 3 2 2
s840 2 1 1
s841 3 2 2
s842 1 0 0
s843 2 1 1
s844 3 2 2
s845 3 2 2
s846 1 0 0
s847 3 2 2
s848 3 2 2
s849 1 0 0
s85 2 1 1
s850 2 1 1
s851 3 2 2
s852 2 1 1
s853 2 1 1
s854 3 2 2
s855 1 0 0
s856 1 0 0
s857 3 2 2
s858 1 0 0
s859 2 1 1
s86 1 0 0
s860 1 0 0
s861 3 2 2
s862 2 1 1
s863 1 0 0
s864 2 1 1
s865 2 1 1
s866 3 2 2
s867 1 0 0
s868 2 1 1
s869 1 0 0
s87 3 2 2
s870 1 0 0
s871 2 1 1
s872 1 0 0
s873 1 0 0
s874 2 1 1
s875 3 2 2
s876 1 0 0
s877 1 0 0
s878 2 1 1
s879 2 1 1
s88 2 1 1
s880 2 1 1
s881 3 2 2
s882 2 1 1
s883 3 2 2
s884 1 0 0
s885 1 0 0
s886 3 2 2
s887 2 1 1
s888 2 1 1
s889 3 2 2
s89 2 1 1
s890 3 2 2
s891 2 1 1
s892 1 0 0
s893 1 0 0
s894 2 1 1
s895 1 0 0
s896 1 0 0
s897 2 1 1
s898 3 2 2
s899 3 2 2
s9 3 2 2
s90 1 0 0
s900 1 0 0
s901 2 1 1
s902 1 0 0
s903 1 0 0
s904 3 2 2
s905 1 0 0
s906 3 2 2
s907 2 1 1
s908 1 0 0
s909 2 1 1
s91 3 2 2
s910 1 0 0
s911 1 0 0
s912 3 2 2
s913 2 1 1
s914 3 2 2
s915 1 0 0
s916 2 1 1
s917 3 2 2
s918 3 2 2
s919 3 2 2
s92 3 2 2
s920 1 0 0
s921 3 2 2
s922 3 2 2
s923 1 0 0
s924 1 0 0
s925 1 0 0
s926 1 0 0
s927 3 2 2
s928 2 1 1
s929 3 2 2
s93 2 1 1
s930 3 2 2
s931 3 2 2
s932 3 2 2
s933 3 2 2
s934 1 0 0
s935 2 1 1
s936 2 1 1
s937 3 2 2
s938 3 2 2
s939 2 1 1
s94 3 2 2
s940 3 2 2
s941 1 0 0
s942 2 1 1
s943 3 2 2
s944 2 1 1
s945 2 1 1
s946 2 1 1
s947 3 2 2
s948 1 0 0
s949 2 1 1
s95 2 1 1
s950 1 0 0
s951 2 1 1
s952 2 1 1
s953 1 0 0
s954 1 0 0
s955 3 2 2
s956 2 1 1
s957 1 0 0
s958 3 2 2
s959 1 0 0
s96 1 0 0
s960 3 2 2
s961 1 0 0
s962 3 2 2
s963 1 0 0
s964 2 1 1
s965 2 1 1
s966 1 0 0
s967 1 0 0
s968 3 2 2
s969 1 0 0
s97 1 0 0
s970 1 0 0
s971 1 0 0
s972 1 0 0
s973 2 1 1
s974 3 2 2
s975 3 2 2
s976 3 2 2
s977 1 0 0
s978 2 1 1
s979 2 1 1
s98 3 2 2
s980 1 0 0
s981 1 0 0
s982 1 0 0
s983 2 1 1
s984 1 0 0
s985 3 2 2
s986 1 0 0
s987 2 1 1
s988 2 1 1
s989 2 1 1
s99 2 1 1
s990 3 2 2
s991 3 2 2
s992 2 1 1
s993 3 2 2
s994 3 2 2
s995 3 2 2
s996 2 1 1
s997 2 1 1
s998 3 2 2
s999 2 1 1
