VDD 8000 7999 7999
VSS 8000 7999 7999
dummy 16000 15999 15999
s0 1 0 0
s1 1 0 0
s10 1 0 0
s100 3 2 2
s1000 2 1 1
s1001 2 1 1
s1002 3 2 2
s1003 2 1 1
s1004 1 0 0
s1005 3 2 2
s1006 1 0 0
s1007 3 2 2
s1008 1 0 0
s1009 3 2 2
s101 2 1 1
s1010 1 0 0
s1011 2 1 1
s1012 2 1 1
s1013 3 2 2
s1014 3 2 2
s1015 1 0 0
s1016 1 0 0
s1017 2 1 1
s1018 2 1 1
s1019 1 0 0
s102 2 1 1
s1020 1 0 0
s1021 2 1 1
s1022 2 1 1
s1023 3 2 2
s1024 3 2 2
s1025 3 2 2
s1026 2 1 1
s1027 3 2 2
s1028 3 2 2
s1029 2 1 1
s103 1 0 0
s1030 3 2 2
s1031 2 1 1
s1032 2 1 1
s1033 3 2 2
s1034 2 1 1
s1035 3 2 2
s1036 3 2 2
s1037 3 2 2
s1038 2 1 1
s1039 1 0 0
s104 2 1 1
s1040 1 0 0
s1041 3 2 2
s1042 3 2 2
s1043 2 1 1
s1044 1 0 0
s1045 2 1 1
s1046 3 2 2
s1047 2 1 1
s1048 1 0 0
s1049 3 2 2
s105 2 1 1
s1050 3 2 2
s1051 1 0 0
s1052 2 1 1
s1053 1 0 0
s1054 1 0 0
s1055 3 2 2
s1056 2 1 1
s1057 3 2 2
s1058 3 2 2
s1059 1 0 0
s106 1 0 0
s1060 2 1 1
s1061 2 1 1
s1062 2 1 1
s1063 2 1 1
s1064 3 2 2
s1065 2 1 1
s1066 1 0 0
s1067 2 1 1
s1068 1 0 0
s1069 3 2 2
s107 2 1 1
s1070 1 0 0
s1071 1 0 0
s1072 1 0 0
s1073 1 0 0
s1074 1 0 0
s1075 2 1 1
s1076 1 0 0
s1077 1 0 0
s1078 3 2 2
s1079 3 2 2
s108 2 1 1
s1080 1 0 0
s1081 3 2 2
s1082 2 1 1
s1083 3 2 2
s1084 3 2 2
s1085 2 1 1
s1086 3 2 2
s1087 3 2 2
s1088 1 0 0
s1089 1 0 0
s109 2 1 1
s1090 2 1 1
s1091 1 0 0
s1092 3 2 2
s1093 1 0 0
s1094 3 2 2
s1095 1 0 0
s1096 1 0 0
s1097 2 1 1
s1098 3 2 2
s1099 3 2 2
s11 2 1 1
s110 3 2 2
s1100 1 0 0
s1101 2 1 1
s1102 3 2 2
s1103 3 2 2
s1104 3 2 2
s1105 2 1 1
s1106 1 0 0
s1107 2 1 1
s1108 3 2 2
s1109 2 1 1
s111 3 2 2
s1110 1 0 0
s1111 1 0 0
s1112 1 0 0
s1113 2 1 1
s1114 3 2 2
s1115 2 1 1
s1116 1 0 0
s1117 1 0 0
s1118 3 2 2
s1119 2 1 1
s112 2 1 1
s1120 1 0 0
s1121 2 1 1
s1122 3 2 2
s1123 2 1 1
s1124 1 0 0
s1125 1 0 0
s1126 2 1 1
s1127 1 0 0
s1128 2 1 1
s1129 3 2 2
s113 1 0 0
s1130 1 0 0
s1131 2 1 1
s1132 3 2 2
s1133 1 0 0
s1134 3 2 2
s1135 3 2 2
s1136 2 1 1
s1137 3 2 2
s1138 2 1 1
s1139 1 0 0
s114 1 0 0
s1140 3 2 2
s1141 3 2 2
s1142 1 0 0
s1143 2 1 1
s1144 2 1 1
s1145 3 2 2
s1146 1 0 0
s1147 1 0 0
s1148 3 2 2
s1149 1 0 0
s115 3 2 2
s1150 2 1 1
s1151 1 0 0
s1152 1 0 0
s1153 1 0 0
s1154 2 1 1
s1155 1 0 0
s1156 1 0 0
s1157 2 1 1
s1158 1 0 0
s1159 1 0 0
s116 2 1 1
s1160 2 1 1
s1161 3 2 2
s1162 1 0 0
s1163 2 1 1
s1164 1 0 0
s1165 3 2 2
s1166 1 0 0
s1167 3 2 2
s1168 3 2 2
s1169 3 2 2
s117 1 0 0
s1170 3 2 2
s1171 3 2 2
s1172 3 2 2
s1173 2 1 1
s1174 1 0 0
s1175 3 2 2
s1176 2 1 1
s1177 1 0 0
s1178 2 1 1
s1179 2 1 1
s118 1 0 0
s1180 3 2 2
s1181 1 0 0
s1182 3 2 2
s1183 1 0 0
s1184 1 0 0
s1185 1 0 0
s1186 1 0 0
s1187 1 0 0
s1188 2 1 1
s1189 1 0 0
s119 3 2 2
s1190 3 2 2
s1191 3 2 2
s1192 3 2 2
s1193 1 0 0
s1194 1 0 0
s1195 3 2 2
s1196 3 2 2
s1197 1 0 0
s1198 2 1 1
s1199 1 0 0
s12 1 0 0
s120 2 1 1
s1200 1 0 0
s1201 3 2 2
s1202 3 2 2
s1203 3 2 2
s1204 1 0 0
s1205 3 2 2
s1206 2 1 1
s1207 1 0 0
s1208 2 1 1
s1209 3 2 2
s121 2 1 1
s1210 3 2 2
s1211 2 1 1
s1212 1 0 0
s1213 3 2 2
s1214 3 2 2
s1215 3 2 2
s1216 3 2 2
s1217 1 0 0
s1218 2 1 1
s1219 2 1 1
s122 3 2 2
s1220 1 0 0
s1221 3 2 2
s1222 1 0 0
s1223 3 2 2
s1224 3 2 2
s1225 3 2 2
s1226 1 0 0
s1227 1 0 0
s1228 2 1 1
s1229 1 0 0
s123 3 2 2
s1230 2 1 1
s1231 3 2 2
s1232 2 1 1
s1233 2 1 1
s1234 3 2 2
s1235 1 0 0
s1236 3 2 2
s1237 1 0 0
s1238 2 1 1
s1239 1 0 0
s124 2 1 1
s1240 1 0 0
s1241 2 1 1
s1242 3 2 2
s1243 1 0 0
s1244 2 1 1
s1245 2 1 1
s1246 1 0 0
s1247 2 1 1
s1248 3 2 2
s1249 3 2 2
s125 3 2 2
s1250 1 0 0
s1251 2 1 1
s1252 2 1 1
s1253 2 1 1
s1254 1 0 0
s1255 1 0 0
s1256 1 0 0
s1257 3 2 2
s1258 2 1 1
s1259 1 0 0
s126 3 2 2
s1260 2 1 1
s1261 2 1 1
s1262 1 0 0
s1263 1 0 0
s1264 3 2 2
s1265 1 0 0
s1266 1 0 0
s1267 2 1 1
s1268 2 1 1
s1269 1 0 0
s127 3 2 2
s1270 1 0 0
s1271 2 1 1
s1272 1 0 0
s1273 1 0 0
s1274 1 0 0
s1275 2 1 1
s1276 2 1 1
s1277 3 2 2
s1278 2 1 1
s1279 1 0 0
s128 1 0 0
s1280 2 1 1
s1281 3 2 2
s1282 1 0 0
s1283 2 1 1
s1284 1 0 0
s1285 1 0 0
s1286 2 1 1
s1287 1 0 0
s1288 1 0 0
s1289 1 0 0
s129 1 0 0
s1290 1 0 0
s1291 3 2 2
s1292 1 0 0
s1293 1 0 0
s1294 1 0 0
s1295 3 2 2
s1296 3 2 2
s1297 3 2 2
s1298 2 1 1
s1299 2 1 1
s13 1 0 0
s130 3 2 2
s1300 3 2 2
s1301 2 1 1
s1302 1 0 0
s1303 2 1 1
s1304 1 0 0
s1305 1 0 0
s1306 2 1 1
s1307 2 1 1
s1308 3 2 2
s1309 2 1 1
s131 2 1 1
s1310 2 1 1
s1311 2 1 1
s1312 1 0 0
s1313 1 0 0
s1314 3 2 2
s1315 3 2 2
s1316 1 0 0
s1317 3 2 2
s1318 3 2 2
s1319 2 1 1
s132 2 1 1
s1320 2 1 1
s1321 2 1 1
s1322 3 2 2
s1323 1 0 0
s1324 1 0 0
s1325 2 1 1
s1326 3 2 2
s1327 1 0 0
s1328 2 1 1
s1329 3 2 2
s133 1 0 0
s1330 3 2 2
s1331 1 0 0
s1332 2 1 1
s1333 3 2 2
s1334 1 0 0
s1335 3 2 2
s1336 3 2 2
s1337 3 2 2
s1338 2 1 1
s1339 3 2 2
s134 2 1 1
s1340 3 2 2
s1341 3 2 2
s1342 3 2 2
s1343 1 0 0
s1344 1 0 0
s1345 2 1 1
s1346 1 0 0
s1347 2 1 1
s1348 1 0 0
s1349 3 2 2
s135 2 1 1
s1350 2 1 1
s1351 3 2 2
s1352 2 1 1
s1353 1 0 0
s1354 1 0 0
s1355 3 2 2
s1356 1 0 0
s1357 1 0 0
s1358 3 2 2
s1359 3 2 2
s136 2 1 1
s1360 1 0 0
s1361 3 2 2
s1362 2 1 1
s1363 1 0 0
s1364 1 0 0
s1365 3 2 2
s1366 3 2 2
s1367 2 1 1
s1368 1 0 0
s1369 2 1 1
s137 2 1 1
s1370 3 2 2
s1371 2 1 1
s1372 3 2 2
s1373 1 0 0
s1374 3 2 2
s1375 3 2 2
s1376 3 2 2
s1377 1 0 0
s1378 1 0 0
s1379 3 2 2
s138 3 2 2
s1380 3 2 2
s1381 3 2 2
s1382 1 0 0
s1383 1 0 0
s1384 1 0 0
s1385 3 2 2
s1386 2 1 1
s1387 2 1 1
s1388 3 2 2
s1389 1 0 0
s139 1 0 0
s1390 3 2 2
s1391 2 1 1
s1392 2 1 1
s1393 3 2 2
s1394 2 1 1
s1395 1 0 0
s1396 3 2 2
s1397 3 2 2
s1398 3 2 2
s1399 3 2 2
s14 3 2 2
s140 2 1 1
s1400 3 2 2
s1401 3 2 2
s1402 3 2 2
s1403 2 1 1
s1404 3 2 2
s1405 2 1 1
s1406 3 2 2
s1407 2 1 1
s1408 1 0 0
s1409 3 2 2
s141 1 0 0
s1410 3 2 2
s1411 2 1 1
s1412 3 2 2
s1413 2 1 1
s1414 3 2 2
s1415 2 1 1
s1416 1 0 0
s1417 2 1 1
s1418 3 2 2
s1419 1 0 0
s142 3 2 2
s1420 3 2 2
s1421 2 1 1
s1422 1 0 0
s1423 2 1 1
s1424 2 1 1
s1425 2 1 1
s1426 2 1 1
s1427 2 1 1
s1428 1 0 0
s1429 2 1 1
s143 2 1 1
s1430 3 2 2
s1431 3 2 2
s1432 3 2 2
s1433 1 0 0
s1434 3 2 2
s1435 3 2 2
s1436 2 1 1
s1437 1 0 0
s1438 1 0 0
s1439 1 0 0
s144 3 2 2
s1440 1 0 0
s1441 2 1 1
s1442 2 1 1
s1443 1 0 0
s1444 2 1 1
s1445 1 0 0
s1446 2 1 1
s1447 3 2 2
s1448 1 0 0
s1449 3 2 2
s145 1 0 0
s1450 3 2 2
s1451 2 1 1
s1452 1 0 0
s1453 3 2 2
s1454 3 2 2
s1455 2 1 1
s1456 3 2 2
s1457 1 0 0
s1458 1 0 0
s1459 1 0 0
s146 2 1 1
s1460 3 2 2
s1461 1 0 0
s1462 3 2 2
s1463 2 1 1
s1464 3 2 2
s1465 2 1 1
s1466 1 0 0
s1467 3 2 2
s1468 3 2 2
s1469 2 1 1
s147 2 1 1
s1470 3 2 2
s1471 1 0 0
s1472 3 2 2
s1473 2 1 1
s1474 1 0 0
s1475 3 2 2
s1476 2 1 1
s1477 2 1 1
s1478 2 1 1
s1479 2 1 1
s148 1 0 0
s1480 1 0 0
s1481 3 2 2
s1482 3 2 2
s1483 2 1 1
s1484 3 2 2
s1485 1 0 0
s1486 3 2 2
s1487 1 0 0
s1488 3 2 2
s1489 1 0 0
s149 3 2 2
s1490 2 1 1
s1491 2 1 1
s1492 3 2 2
s1493 2 1 1
s1494 2 1 1
s1495 3 2 2
s1496 3 2 2
s1497 3 2 2
s1498 2 1 1
s1499 1 0 0
s15 3 2 2
s150 3 2 2
s1500 1 0 0
s1501 1 0 0
s1502 1 0 0
s1503 1 0 0
s1504 2 1 1
s1505 1 0 0
s1506 2 1 1
s1507 1 0 0
s1508 3 2 2
s1509 2 1 1
s151 2 1 1
s1510 1 0 0
s1511 1 0 0
s1512 3 2 2
s1513 2 1 1
s1514 1 0 0
s1515 1 0 0
s1516 2 1 1
s1517 2 1 1
s1518 3 2 2
s1519 1 0 0
s152 3 2 2
s1520 1 0 0
s1521 3 2 2
s1522 1 0 0
s1523 2 1 1
s1524 3 2 2
s1525 2 1 1
s1526 2 1 1
s1527 1 0 0
s1528 1 0 0
s1529 1 0 0
s153 3 2 2
s1530 3 2 2
s1531 1 0 0
s1532 1 0 0
s1533 2 1 1
s1534 1 0 0
s1535 2 1 1
s1536 1 0 0
s1537 2 1 1
s1538 1 0 0
s1539 2 1 1
s154 3 2 2
s1540 3 2 2
s1541 2 1 1
s1542 3 2 2
s1543 2 1 1
s1544 3 2 2
s1545 3 2 2
s1546 1 0 0
s1547 3 2 2
s1548 1 0 0
s1549 2 1 1
s155 3 2 2
s1550 3 2 2
s1551 2 1 1
s1552 3 2 2
s1553 1 0 0
s1554 1 0 0
s1555 3 2 2
s1556 3 2 2
s1557 3 2 2
s1558 2 1 1
s1559 1 0 0
s156 1 0 0
s1560 3 2 2
s1561 2 1 1
s1562 1 0 0
s1563 3 2 2
s1564 2 1 1
s1565 3 2 2
s1566 3 2 2
s1567 3 2 2
s1568 1 0 0
s1569 2 1 1
s157 3 2 2
s1570 3 2 2
s1571 1 0 0
s1572 3 2 2
s1573 1 0 0
s1574 2 1 1
s1575 2 1 1
s1576 1 0 0
s1577 2 1 1
s1578 2 1 1
s1579 3 2 2
s158 2 1 1
s1580 2 1 1
s1581 1 0 0
s1582 1 0 0
s1583 2 1 1
s1584 1 0 0
s1585 2 1 1
s1586 3 2 2
s1587 3 2 2
s1588 3 2 2
s1589 2 1 1
s159 3 2 2
s1590 3 2 2
s1591 1 0 0
s1592 2 1 1
s1593 3 2 2
s1594 2 1 1
s1595 1 0 0
s1596 2 1 1
s1597 3 2 2
s1598 2 1 1
s1599 1 0 0
s16 2 1 1
s160 1 0 0
s1600 2 1 1
s1601 1 0 0
s1602 2 1 1
s1603 3 2 2
s1604 2 1 1
s1605 2 1 1
s1606 1 0 0
s1607 2 1 1
s1608 3 2 2
s1609 1 0 0
s161 1 0 0
s1610 1 0 0
s1611 1 0 0
s1612 1 0 0
s1613 2 1 1
s1614 2 1 1
s1615 2 1 1
s1616 1 0 0
s1617 3 2 2
s1618 1 0 0
s1619 3 2 2
s162 2 1 1
s1620 2 1 1
s1621 2 1 1
s1622 2 1 1
s1623 3 2 2
s1624 3 2 2
s1625 1 0 0
s1626 2 1 1
s1627 2 1 1
s1628 3 2 2
s1629 2 1 1
s163 1 0 0
s1630 2 1 1
s1631 3 2 2
s1632 3 2 2
s1633 1 0 0
s1634 1 0 0
s1635 1 0 0
s1636 2 1 1
s1637 1 0 0
s1638 2 1 1
s1639 1 0 0
s164 1 0 0
s1640 3 2 2
s1641 2 1 1
s1642 3 2 2
s1643 1 0 0
s1644 3 2 2
s1645 2 1 1
s1646 2 1 1
s1647 2 1 1
s1648 3 2 2
s1649 3 2 2
s165 3 2 2
s1650 1 0 0
s1651 2 1 1
s1652 1 0 0
s1653 2 1 1
s1654 1 0 0
s1655 3 2 2
s1656 3 2 2
s1657 1 0 0
s1658 1 0 0
s1659 1 0 0
s166 3 2 2
s1660 2 1 1
s1661 3 2 2
s1662 3 2 2
s1663 1 0 0
s1664 3 2 2
s1665 1 0 0
s1666 2 1 1
s1667 2 1 1
s1668 1 0 0
s1669 3 2 2
s167 3 2 2
s1670 2 1 1
s1671 2 1 1
s1672 1 0 0
s1673 3 2 2
s1674 3 2 2
s1675 1 0 0
s1676 2 1 1
s1677 2 1 1
s1678 2 1 1
s1679 2 1 1
s168 1 0 0
s1680 1 0 0
s1681 1 0 0
s1682 3 2 2
s1683 1 0 0
s1684 3 2 2
s1685 3 2 2
s1686 3 2 2
s1687 1 0 0
s1688 2 1 1
s1689 3 2 2
s169 3 2 2
s1690 3 2 2
s1691 1 0 0
s1692 2 1 1
s1693 3 2 2
s1694 1 0 0
s1695 1 0 0
s1696 2 1 1
s1697 1 0 0
s1698 3 2 2
s1699 3 2 2
s17 1 0 0
s170 3 2 2
s1700 1 0 0
s1701 3 2 2
s1702 1 0 0
s1703 1 0 0
s1704 2 1 1
s1705 3 2 2
s1706 3 2 2
s1707 1 0 0
s1708 1 0 0
s1709 2 1 1
s171 3 2 2
s1710 3 2 2
s1711 1 0 0
s1712 2 1 1
s1713 3 2 2
s1714 1 0 0
s1715 1 0 0
s1716 3 2 2
s1717 1 0 0
s1718 1 0 0
s1719 3 2 2
s172 3 2 2
s1720 3 2 2
s1721 2 1 1
s1722 1 0 0
s1723 3 2 2
s1724 1 0 0
s1725 2 1 1
s1726 1 0 0
s1727 3 2 2
s1728 1 0 0
s1729 2 1 1
s173 2 1 1
s1730 3 2 2
s1731 1 0 0
s1732 2 1 1
s1733 3 2 2
s1734 1 0 0
s1735 3 2 2
s1736 1 0 0
s1737 1 0 0
s1738 2 1 1
s1739 3 2 2
s174 2 1 1
s1740 2 1 1
s1741 1 0 0
s1742 2 1 1
s1743 1 0 0
s1744 2 1 1
s1745 2 1 1
s1746 3 2 2
s1747 1 0 0
s1748 2 1 1
s1749 2 1 1
s175 1 0 0
s1750 1 0 0
s1751 1 0 0
s1752 2 1 1
s1753 3 2 2
s1754 1 0 0
s1755 3 2 2
s1756 2 1 1
s1757 2 1 1
s1758 3 2 2
s1759 2 1 1
s176 3 2 2
s1760 1 0 0
s1761 1 0 0
s1762 2 1 1
s1763 3 2 2
s1764 2 1 1
s1765 1 0 0
s1766 2 1 1
s1767 3 2 2
s1768 1 0 0
s1769 2 1 1
s177 3 2 2
s1770 3 2 2
s1771 1 0 0
s1772 1 0 0
s1773 2 1 1
s1774 3 2 2
s1775 2 1 1
s1776 2 1 1
s1777 2 1 1
s1778 1 0 0
s1779 3 2 2
s178 3 2 2
s1780 2 1 1
s1781 1 0 0
s1782 3 2 2
s1783 2 1 1
s1784 2 1 1
s1785 1 0 0
s1786 2 1 1
s1787 1 0 0
s1788 3 2 2
s1789 1 0 0
s179 3 2 2
s1790 3 2 2
s1791 2 1 1
s1792 2 1 1
s1793 1 0 0
s1794 1 0 0
s1795 1 0 0
s1796 2 1 1
s1797 2 1 1
s1798 2 1 1
s1799 3 2 2
s18 3 2 2
s180 1 0 0
s1800 1 0 0
s1801 1 0 0
s1802 1 0 0
s1803 3 2 2
s1804 1 0 0
s1805 1 0 0
s1806 1 0 0
s1807 2 1 1
s1808 2 1 1
s1809 1 0 0
s181 3 2 2
s1810 3 2 2
s1811 1 0 0
s1812 3 2 2
s1813 3 2 2
s1814 2 1 1
s1815 3 2 2
s1816 3 2 2
s1817 1 0 0
s1818 3 2 2
s1819 3 2 2
s182 2 1 1
s1820 1 0 0
s1821 3 2 2
s1822 1 0 0
s1823 1 0 0
s1824 1 0 0
s1825 3 2 2
s1826 3 2 2
s1827 3 2 2
s1828 2 1 1
s1829 2 1 1
s183 3 2 2
s1830 2 1 1
s1831 1 0 0
s1832 1 0 0
s1833 3 2 2
s1834 3 2 2
s1835 3 2 2
s1836 1 0 0
s1837 2 1 1
s1838 1 0 0
s1839 2 1 1
s184 1 0 0
s1840 2 1 1
s1841 3 2 2
s1842 2 1 1
s1843 2 1 1
s1844 2 1 1
s1845 3 2 2
s1846 1 0 0
s1847 3 2 2
s1848 3 2 2
s1849 1 0 0
s185 2 1 1
s1850 3 2 2
s1851 1 0 0
s1852 3 2 2
s1853 2 1 1
s1854 2 1 1
s1855 3 2 2
s1856 2 1 1
s1857 3 2 2
s1858 1 0 0
s1859 3 2 2
s186 3 2 2
s1860 1 0 0
s1861 1 0 0
s1862 2 1 1
s1863 2 1 1
s1864 1 0 0
s1865 2 1 1
s1866 3 2 2
s1867 2 1 1
s1868 3 2 2
s1869 1 0 0
s187 2 1 1
s1870 1 0 0
s1871 1 0 0
s1872 1 0 0
s1873 2 1 1
s1874 1 0 0
s1875 2 1 1
s1876 2 1 1
s1877 2 1 1
s1878 2 1 1
s1879 2 1 1
s188 2 1 1
s1880 1 0 0
s1881 1 0 0
s1882 2 1 1
s1883 3 2 2
s1884 2 1 1
s1885 1 0 0
s1886 1 0 0
s1887 2 1 1
s1888 1 0 0
s1889 1 0 0
s189 2 1 1
s1890 3 2 2
s1891 3 2 2
s1892 1 0 0
s1893 1 0 0
s1894 2 1 1
s1895 1 0 0
s1896 2 1 1
s1897 3 2 2
s1898 1 0 0
s1899 1 0 0
s19 1 0 0
s190 2 1 1
s1900 1 0 0
s1901 3 2 2
s1902 1 0 0
s1903 2 1 1
s1904 1 0 0
s1905 1 0 0
s1906 3 2 2
s1907 1 0 0
s1908 1 0 0
s1909 2 1 1
s191 1 0 0
s1910 2 1 1
s1911 2 1 1
s1912 3 2 2
s1913 2 1 1
s1914 3 2 2
s1915 3 2 2
s1916 2 1 1
s1917 1 0 0
s1918 2 1 1
s1919 2 1 1
s192 3 2 2
s1920 3 2 2
s1921 2 1 1
s1922 1 0 0
s1923 3 2 2
s1924 1 0 0
s1925 1 0 0
s1926 1 0 0
s1927 2 1 1
s1928 1 0 0
s1929 2 1 1
s193 2 1 1
s1930 1 0 0
s1931 1 0 0
s1932 2 1 1
s1933 1 0 0
s1934 2 1 1
s1935 2 1 1
s1936 1 0 0
s1937 1 0 0
s1938 1 0 0
s1939 2 1 1
s194 3 2 2
s1940 3 2 2
s1941 1 0 0
s1942 2 1 1
s1943 1 0 0
s1944 1 0 0
s1945 3 2 2
s1946 3 2 2
s1947 2 1 1
s1948 2 1 1
s1949 2 1 1
s195 3 2 2
s1950 1 0 0
s1951 1 0 0
s1952 3 2 2
s1953 1 0 0
s1954 2 1 1
s1955 2 1 1
s1956 1 0 0
s1957 1 0 0
s1958 3 2 2
s1959 3 2 2
s196 3 2 2
s1960 3 2 2
s1961 1 0 0
s1962 3 2 2
s1963 2 1 1
s1964 2 1 1
s1965 2 1 1
s1966 3 2 2
s1967 2 1 1
s1968 3 2 2
s1969 2 1 1
s197 2 1 1
s1970 1 0 0
s1971 3 2 2
s1972 1 0 0
s1973 1 0 0
s1974 2 1 1
s1975 2 1 1
s1976 2 1 1
s1977 2 1 1
s1978 1 0 0
s1979 3 2 2
s198 1 0 0
s1980 3 2 2
s1981 2 1 1
s1982 1 0 0
s1983 2 1 1
s1984 1 0 0
s1985 3 2 2
s1986 1 0 0
s1987 3 2 2
s1988 3 2 2
s1989 1 0 0
s199 2 1 1
s1990 2 1 1
s1991 3 2 2
s1992 3 2 2
s1993 1 0 0
s1994 1 0 0
s1995 3 2 2
s1996 3 2 2
s1997 1 0 0
s1998 1 0 0
s1999 1 0 0
s2 1 0 0
s20 3 2 2
s200 2 1 1
s2000 1 0 0
s2001 3 2 2
s2002 2 1 1
s2003 1 0 0
s2004 2 1 1
s2005 1 0 0
s2006 1 0 0
s2007 3 2 2
s2008 3 2 2
s2009 3 2 2
s201 1 0 0
s2010 1 0 0
s2011 3 2 2
s2012 3 2 2
s2013 1 0 0
s2014 1 0 0
s2015 3 2 2
s2016 3 2 2
s2017 3 2 2
s2018 2 1 1
s2019 1 0 0
s202 1 0 0
s2020 1 0 0
s2021 2 1 1
s2022 2 1 1
s2023 3 2 2
s2024 2 1 1
s2025 1 0 0
s2026 1 0 0
s2027 3 2 2
s2028 2 1 1
s2029 2 1 1
s203 1 0 0
s2030 1 0 0
s2031 3 2 2
s2032 2 1 1
s2033 1 0 0
s2034 2 1 1
s2035 3 2 2
s2036 1 0 0
s2037 2 1 1
s2038 1 0 0
s2039 2 1 1
s204 2 1 1
s2040 3 2 2
s2041 1 0 0
s2042 3 2 2
s2043 1 0 0
s2044 3 2 2
s2045 2 1 1
s2046 2 1 1
s2047 1 0 0
s2048 3 2 2
s2049 2 1 1
s205 2 1 1
s2050 3 2 2
s2051 1 0 0
s2052 1 0 0
s2053 3 2 2
s2054 2 1 1
s2055 3 2 2
s2056 2 1 1
s2057 3 2 2
s2058 3 2 2
s2059 3 2 2
s206 3 2 2
s2060 3 2 2
s2061 1 0 0
s2062 1 0 0
s2063 2 1 1
s2064 3 2 2
s2065 1 0 0
s2066 2 1 1
s2067 1 0 0
s2068 1 0 0
s2069 2 1 1
s207 2 1 1
s2070 1 0 0
s2071 1 0 0
s2072 3 2 2
s2073 3 2 2
s2074 1 0 0
s2075 3 2 2
s2076 1 0 0
s2077 2 1 1
s2078 2 1 1
s2079 3 2 2
s208 1 0 0
s2080 2 1 1
s2081 2 1 1
s2082 2 1 1
s2083 2 1 1
s2084 3 2 2
s2085 2 1 1
s2086 2 1 1
s2087 1 0 0
s2088 1 0 0
s2089 1 0 0
s209 2 1 1
s2090 1 0 0
s2091 1 0 0
s2092 1 0 0
s2093 1 0 0
s2094 1 0 0
s2095 1 0 0
s2096 3 2 2
s2097 1 0 0
s2098 3 2 2
s2099 2 1 1
s21 3 2 2
s210 1 0 0
s2100 3 2 2
s2101 2 1 1
s2102 3 2 2
s2103 2 1 1
s2104 2 1 1
s2105 2 1 1
s2106 2 1 1
s2107 3 2 2
s2108 2 1 1
s2109 2 1 1
s211 3 2 2
s2110 2 1 1
s2111 1 0 0
s2112 1 0 0
s2113 1 0 0
s2114 2 1 1
s2115 2 1 1
s2116 2 1 1
s2117 3 2 2
s2118 1 0 0
s2119 1 0 0
s212 1 0 0
s2120 1 0 0
s2121 1 0 0
s2122 2 1 1
s2123 1 0 0
s2124 1 0 0
s2125 2 1 1
s2126 3 2 2
s2127 1 0 0
s2128 1 0 0
s2129 1 0 0
s213 2 1 1
s2130 3 2 2
s2131 3 2 2
s2132 2 1 1
s2133 2 1 1
s2134 3 2 2
s2135 3 2 2
s2136 2 1 1
s2137 2 1 1
s2138 1 0 0
s2139 2 1 1
s214 2 1 1
s2140 1 0 0
s2141 3 2 2
s2142 3 2 2
s2143 2 1 1
s2144 2 1 1
s2145 1 0 0
s2146 1 0 0
s2147 2 1 1
s2148 1 0 0
s2149 3 2 2
s215 3 2 2
s2150 2 1 1
s2151 1 0 0
s2152 3 2 2
s2153 2 1 1
s2154 3 2 2
s2155 1 0 0
s2156 1 0 0
s2157 1 0 0
s2158 3 2 2
s2159 2 1 1
s216 3 2 2
s2160 2 1 1
s2161 2 1 1
s2162 2 1 1
s2163 2 1 1
s2164 2 1 1
s2165 3 2 2
s2166 1 0 0
s2167 2 1 1
s2168 2 1 1
s2169 2 1 1
s217 2 1 1
s2170 2 1 1
s2171 1 0 0
s2172 2 1 1
s2173 1 0 0
s2174 3 2 2
s2175 1 0 0
s2176 1 0 0
s2177 1 0 0
s2178 1 0 0
s2179 1 0 0
s218 2 1 1
s2180 3 2 2
s2181 2 1 1
s2182 1 0 0
s2183 3 2 2
s2184 1 0 0
s2185 1 0 0
s2186 3 2 2
s2187 3 2 2
s2188 1 0 0
s2189 2 1 1
s219 3 2 2
s2190 2 1 1
s2191 3 2 2
s2192 2 1 1
s2193 1 0 0
s2194 1 0 0
s2195 2 1 1
s2196 1 0 0
s2197 2 1 1
s2198 2 1 1
s2199 1 0 0
s22 1 0 0
s220 3 2 2
s2200 1 0 0
s2201 3 2 2
s2202 3 2 2
s2203 1 0 0
s2204 3 2 2
s2205 3 2 2
s2206 1 0 0
s2207 1 0 0
s2208 3 2 2
s2209 3 2 2
s221 2 1 1
s2210 3 2 2
s2211 1 0 0
s2212 2 1 1
s2213 2 1 1
s2214 1 0 0
s2215 3 2 2
s2216 2 1 1
s2217 2 1 1
s2218 2 1 1
s2219 3 2 2
s222 1 0 0
s2220 1 0 0
s2221 1 0 0
s2222 3 2 2
s2223 1 0 0
s2224 1 0 0
s2225 2 1 1
s2226 2 1 1
s2227 1 0 0
s2228 2 1 1
s2229 3 2 2
s223 1 0 0
s2230 2 1 1
s2231 1 0 0
s2232 3 2 2
s2233 2 1 1
s2234 1 0 0
s2235 1 0 0
s2236 1 0 0
s2237 2 1 1
s2238 2 1 1
s2239 1 0 0
s224 3 2 2
s2240 3 2 2
s2241 3 2 2
s2242 3 2 2
s2243 1 0 0
s2244 2 1 1
s2245 1 0 0
s2246 3 2 2
s2247 2 1 1
s2248 1 0 0
s2249 3 2 2
s225 1 0 0
s2250 3 2 2
s2251 2 1 1
s2252 3 2 2
s2253 1 0 0
s2254 3 2 2
s2255 2 1 1
s2256 1 0 0
s2257 3 2 2
s2258 1 0 0
s2259 3 2 2
s226 1 0 0
s2260 3 2 2
s2261 1 0 0
s2262 3 2 2
s2263 3 2 2
s2264 1 0 0
s2265 2 1 1
s2266 2 1 1
s2267 1 0 0
s2268 1 0 0
s2269 1 0 0
s227 2 1 1
s2270 3 2 2
s2271 1 0 0
s2272 2 1 1
s2273 3 2 2
s2274 1 0 0
s2275 1 0 0
s2276 2 1 1
s2277 3 2 2
s2278 2 1 1
s2279 3 2 2
s228 2 1 1
s2280 3 2 2
s2281 1 0 0
s2282 1 0 0
s2283 3 2 2
s2284 1 0 0
s2285 1 0 0
s2286 1 0 0
s2287 3 2 2
s2288 1 0 0
s2289 1 0 0
s229 2 1 1
s2290 1 0 0
s2291 1 0 0
s2292 2 1 1
s2293 2 1 1
s2294 1 0 0
s2295 1 0 0
s2296 1 0 0
s2297 3 2 2
s2298 2 1 1
s2299 3 2 2
s23 2 1 1
s230 3 2 2
s2300 1 0 0
s2301 2 1 1
s2302 2 1 1
s2303 2 1 1
s2304 1 0 0
s2305 2 1 1
s2306 2 1 1
s2307 3 2 2
s2308 1 0 0
s2309 1 0 0
s231 2 1 1
s2310 3 2 2
s2311 3 2 2
s2312 1 0 0
s2313 2 1 1
s2314 2 1 1
s2315 1 0 0
s2316 1 0 0
s2317 3 2 2
s2318 3 2 2
s2319 3 2 2
s232 3 2 2
s2320 2 1 1
s2321 2 1 1
s2322 1 0 0
s2323 3 2 2
s2324 2 1 1
s2325 2 1 1
s2326 3 2 2
s2327 1 0 0
s2328 3 2 2
s2329 2 1 1
s233 3 2 2
s2330 2 1 1
s2331 3 2 2
s2332 3 2 2
s2333 1 0 0
s2334 1 0 0
s2335 2 1 1
s2336 2 1 1
s2337 3 2 2
s2338 2 1 1
s2339 3 2 2
s234 3 2 2
s2340 2 1 1
s2341 2 1 1
s2342 1 0 0
s2343 1 0 0
s2344 3 2 2
s2345 3 2 2
s2346 2 1 1
s2347 1 0 0
s2348 2 1 1
s2349 1 0 0
s235 1 0 0
s2350 2 1 1
s2351 1 0 0
s2352 3 2 2
s2353 1 0 0
s2354 1 0 0
s2355 2 1 1
s2356 3 2 2
s2357 2 1 1
s2358 3 2 2
s2359 2 1 1
s236 1 0 0
s2360 2 1 1
s2361 3 2 2
s2362 2 1 1
s2363 2 1 1
s2364 3 2 2
s2365 2 1 1
s2366 1 0 0
s2367 2 1 1
s2368 3 2 2
s2369 1 0 0
s237 1 0 0
s2370 2 1 1
s2371 2 1 1
s2372 1 0 0
s2373 1 0 0
s2374 3 2 2
s2375 3 2 2
s2376 2 1 1
s2377 3 2 2
s2378 2 1 1
s2379 1 0 0
s238 2 1 1
s2380 3 2 2
s2381 1 0 0
s2382 3 2 2
s2383 2 1 1
s2384 1 0 0
s2385 2 1 1
s2386 1 0 0
s2387 3 2 2
s2388 2 1 1
s2389 2 1 1
s239 2 1 1
s2390 2 1 1
s2391 3 2 2
s2392 3 2 2
s2393 1 0 0
s2394 3 2 2
s2395 2 1 1
s2396 3 2 2
s2397 2 1 1
s2398 2 1 1
s2399 2 1 1
s24 2 1 1
s240 3 2 2
s2400 1 0 0
s2401 3 2 2
s2402 1 0 0
s2403 2 1 1
s2404 3 2 2
s2405 3 2 2
s2406 1 0 0
s2407 1 0 0
s2408 2 1 1
s2409 3 2 2
s241 1 0 0
s2410 3 2 2
s2411 2 1 1
s2412 2 1 1
s2413 3 2 2
s2414 1 0 0
s2415 1 0 0
s2416 2 1 1
s2417 2 1 1
s2418 3 2 2
s2419 1 0 0
s242 2 1 1
s2420 1 0 0
s2421 1 0 0
s2422 3 2 2
s2423 2 1 1
s2424 2 1 1
s2425 1 0 0
s2426 1 0 0
s2427 2 1 1
s2428 3 2 2
s2429 3 2 2
s243 3 2 2
s2430 2 1 1
s2431 3 2 2
s2432 1 0 0
s2433 3 2 2
s2434 3 2 2
s2435 3 2 2
s2436 2 1 1
s2437 3 2 2
s2438 2 1 1
s2439 1 0 0
s244 3 2 2
s2440 3 2 2
s2441 2 1 1
s2442 1 0 0
s2443 2 1 1
s2444 1 0 0
s2445 1 0 0
s2446 1 0 0
s2447 2 1 1
s2448 3 2 2
s2449 3 2 2
s245 2 1 1
s2450 1 0 0
s2451 2 1 1
s2452 2 1 1
s2453 2 1 1
s2454 3 2 2
s2455 3 2 2
s2456 2 1 1
s2457 2 1 1
s2458 3 2 2
s2459 2 1 1
s246 2 1 1
s2460 2 1 1
s2461 2 1 1
s2462 3 2 2
s2463 3 2 2
s2464 3 2 2
s2465 2 1 1
s2466 2 1 1
s2467 2 1 1
s2468 1 0 0
s2469 2 1 1
s247 3 2 2
s2470 2 1 1
s2471 1 0 0
s2472 3 2 2
s2473 3 2 2
s2474 3 2 2
s2475 1 0 0
s2476 1 0 0
s2477 3 2 2
s2478 3 2 2
s2479 1 0 0
s248 1 0 0
s2480 1 0 0
s2481 2 1 1
s2482 2 1 1
s2483 1 0 0
s2484 2 1 1
s2485 1 0 0
s2486 3 2 2
s2487 3 2 2
s2488 3 2 2
s2489 1 0 0
s249 1 0 0
s2490 3 2 2
s2491 1 0 0
s2492 1 0 0
s2493 3 2 2
s2494 3 2 2
s2495 2 1 1
s2496 3 2 2
s2497 1 0 0
s2498 1 0 0
s2499 3 2 2
s25 3 2 2
s250 1 0 0
s2500 3 2 2
s2501 3 2 2
s2502 1 0 0
s2503 2 1 1
s2504 3 2 2
s2505 1 0 0
s2506 1 0 0
s2507 2 1 1
s2508 3 2 2
s2509 3 2 2
s251 2 1 1
s2510 2 1 1
s2511 1 0 0
s2512 3 2 2
s2513 1 0 0
s2514 1 0 0
s2515 2 1 1
s2516 3 2 2
s2517 3 2 2
s2518 3 2 2
s2519 1 0 0
s252 2 1 1
s2520 2 1 1
s2521 1 0 0
s2522 2 1 1
s2523 1 0 0
s2524 3 2 2
s2525 1 0 0
s2526 2 1 1
s2527 1 0 0
s2528 1 0 0
s2529 3 2 2
s253 3 2 2
s2530 2 1 1
s2531 3 2 2
s2532 3 2 2
s2533 3 2 2
s2534 3 2 2
s2535 2 1 1
s2536 1 0 0
s2537 2 1 1
s2538 1 0 0
s2539 3 2 2
s254 1 0 0
s2540 3 2 2
s2541 2 1 1
s2542 1 0 0
s2543 2 1 1
s2544 2 1 1
s2545 1 0 0
s2546 2 1 1
s2547 1 0 0
s2548 3 2 2
s2549 3 2 2
s255 1 0 0
s2550 3 2 2
s2551 1 0 0
s2552 2 1 1
s2553 1 0 0
s2554 3 2 2
s2555 3 2 2
s2556 2 1 1
s2557 1 0 0
s2558 3 2 2
s2559 1 0 0
s256 3 2 2
s2560 3 2 2
s2561 3 2 2
s2562 1 0 0
s2563 3 2 2
s2564 3 2 2
s2565 1 0 0
s2566 2 1 1
s2567 2 1 1
s2568 3 2 2
s2569 1 0 0
s257 2 1 1
s2570 3 2 2
s2571 3 2 2
s2572 2 1 1
s2573 2 1 1
s2574 3 2 2
s2575 2 1 1
s2576 1 0 0
s2577 2 1 1
s2578 1 0 0
s2579 3 2 2
s258 1 0 0
s2580 2 1 1
s2581 2 1 1
s2582 1 0 0
s2583 3 2 2
s2584 3 2 2
s2585 3 2 2
s2586 3 2 2
s2587 1 0 0
s2588 1 0 0
s2589 1 0 0
s259 2 1 1
s2590 1 0 0
s2591 2 1 1
s2592 1 0 0
s2593 1 0 0
s2594 2 1 1
s2595 3 2 2
s2596 1 0 0
s2597 3 2 2
s2598 2 1 1
s2599 1 0 0
s26 2 1 1
s260 3 2 2
s2600 2 1 1
s2601 2 1 1
s2602 3 2 2
s2603 2 1 1
s2604 1 0 0
s2605 3 2 2
s2606 2 1 1
s2607 2 1 1
s2608 3 2 2
s2609 3 2 2
s261 3 2 2
s2610 1 0 0
s2611 2 1 1
s2612 2 1 1
s2613 1 0 0
s2614 2 1 1
s2615 2 1 1
s2616 1 0 0
s2617 3 2 2
s2618 3 2 2
s2619 2 1 1
s262 2 1 1
s2620 3 2 2
s2621 2 1 1
s2622 2 1 1
s2623 2 1 1
s2624 2 1 1
s2625 2 1 1
s2626 1 0 0
s2627 3 2 2
s2628 2 1 1
s2629 2 1 1
s263 2 1 1
s2630 2 1 1
s2631 2 1 1
s2632 3 2 2
s2633 3 2 2
s2634 3 2 2
s2635 2 1 1
s2636 1 0 0
s2637 3 2 2
s2638 2 1 1
s2639 3 2 2
s264 3 2 2
s2640 3 2 2
s2641 1 0 0
s2642 2 1 1
s2643 3 2 2
s2644 3 2 2
s2645 2 1 1
s2646 1 0 0
s2647 1 0 0
s2648 1 0 0
s2649 1 0 0
s265 2 1 1
s2650 1 0 0
s2651 3 2 2
s2652 3 2 2
s2653 3 2 2
s2654 1 0 0
s2655 3 2 2
s2656 2 1 1
s2657 2 1 1
s2658 3 2 2
s2659 2 1 1
s266 2 1 1
s2660 3 2 2
s2661 1 0 0
s2662 1 0 0
s2663 3 2 2
s2664 1 0 0
s2665 1 0 0
s2666 2 1 1
s2667 1 0 0
s2668 2 1 1
s2669 1 0 0
s267 1 0 0
s2670 1 0 0
s2671 2 1 1
s2672 2 1 1
s2673 2 1 1
s2674 1 0 0
s2675 1 0 0
s2676 3 2 2
s2677 2 1 1
s2678 3 2 2
s2679 1 0 0
s268 1 0 0
s2680 2 1 1
s2681 2 1 1
s2682 3 2 2
s2683 1 0 0
s2684 2 1 1
s2685 3 2 2
s2686 1 0 0
s2687 2 1 1
s2688 1 0 0
s2689 1 0 0
s269 2 1 1
s2690 1 0 0
s2691 3 2 2
s2692 3 2 2
s2693 2 1 1
s2694 3 2 2
s2695 1 0 0
s2696 2 1 1
s2697 2 1 1
s2698 2 1 1
s2699 2 1 1
s27 3 2 2
s270 1 0 0
s2700 1 0 0
s2701 2 1 1
s2702 3 2 2
s2703 3 2 2
s2704 1 0 0
s2705 3 2 2
s2706 2 1 1
s2707 1 0 0
s2708 1 0 0
s2709 1 0 0
s271 1 0 0
s2710 1 0 0
s2711 3 2 2
s2712 1 0 0
s2713 3 2 2
s2714 2 1 1
s2715 2 1 1
s2716 1 0 0
s2717 2 1 1
s2718 1 0 0
s2719 1 0 0
s272 2 1 1
s2720 3 2 2
s2721 3 2 2
s2722 2 1 1
s2723 1 0 0
s2724 2 1 1
s2725 3 2 2
s2726 2 1 1
s2727 1 0 0
s2728 3 2 2
s2729 3 2 2
s273 2 1 1
s2730 2 1 1
s2731 3 2 2
s2732 2 1 1
s2733 1 0 0
s2734 3 2 2
s2735 2 1 1
s2736 2 1 1
s2737 2 1 1
s2738 1 0 0
s2739 1 0 0
s274 1 0 0
s2740 1 0 0
s2741 1 0 0
s2742 1 0 0
s2743 3 2 2
s2744 2 1 1
s2745 1 0 0
s2746 3 2 2
s2747 3 2 2
s2748 2 1 1
s2749 3 2 2
s275 1 0 0
s2750 2 1 1
s2751 2 1 1
s2752 1 0 0
s2753 3 2 2
s2754 2 1 1
s2755 3 2 2
s2756 2 1 1
s2757 3 2 2
s2758 2 1 1
s2759 1 0 0
s276 3 2 2
s2760 2 1 1
s2761 2 1 1
s2762 2 1 1
s2763 2 1 1
s2764 2 1 1
s2765 2 1 1
s2766 1 0 0
s2767 3 2 2
s2768 1 0 0
s2769 2 1 1
s277 1 0 0
s2770 1 0 0
s2771 1 0 0
s2772 2 1 1
s2773 2 1 1
s2774 1 0 0
s2775 2 1 1
s2776 1 0 0
s2777 2 1 1
s2778 2 1 1
s2779 2 1 1
s278 2 1 1
s2780 3 2 2
s2781 3 2 2
s2782 1 0 0
s2783 3 2 2
s2784 3 2 2
s2785 1 0 0
s2786 3 2 2
s2787 3 2 2
s2788 1 0 0
s2789 3 2 2
s279 2 1 1
s2790 1 0 0
s2791 2 1 1
s2792 3 2 2
s2793 3 2 2
s2794 2 1 1
s2795 3 2 2
s2796 3 2 2
s2797 2 1 1
s2798 2 1 1
s2799 2 1 1
s28 1 0 0
s280 3 2 2
s2800 1 0 0
s2801 1 0 0
s2802 3 2 2
s2803 1 0 0
s2804 2 1 1
s2805 3 2 2
s2806 2 1 1
s2807 3 2 2
s2808 3 2 2
s2809 1 0 0
s281 1 0 0
s2810 3 2 2
s2811 2 1 1
s2812 1 0 0
s2813 2 1 1
s2814 1 0 0
s2815 2 1 1
s2816 1 0 0
s2817 2 1 1
s2818 1 0 0
s2819 2 1 1
s282 3 2 2
s2820 3 2 2
s2821 1 0 0
s2822 1 0 0
s2823 2 1 1
s2824 2 1 1
s2825 1 0 0
s2826 2 1 1
s2827 2 1 1
s2828 3 2 2
s2829 2 1 1
s283 2 1 1
s2830 3 2 2
s2831 3 2 2
s2832 3 2 2
s2833 3 2 2
s2834 1 0 0
s2835 3 2 2
s2836 2 1 1
s2837 1 0 0
s2838 2 1 1
s2839 2 1 1
s284 3 2 2
s2840 2 1 1
s2841 1 0 0
s2842 3 2 2
s2843 1 0 0
s2844 2 1 1
s2845 3 2 2
s2846 2 1 1
s2847 3 2 2
s2848 1 0 0
s2849 1 0 0
s285 3 2 2
s2850 1 0 0
s2851 3 2 2
s2852 1 0 0
s2853 1 0 0
s2854 2 1 1
s2855 1 0 0
s2856 1 0 0
s2857 3 2 2
s2858 2 1 1
s2859 1 0 0
s286 3 2 2
s2860 2 1 1
s2861 2 1 1
s2862 1 0 0
s2863 1 0 0
s2864 2 1 1
s2865 3 2 2
s2866 3 2 2
s2867 1 0 0
s2868 3 2 2
s2869 2 1 1
s287 1 0 0
s2870 3 2 2
s2871 3 2 2
s2872 1 0 0
s2873 3 2 2
s2874 2 1 1
s2875 1 0 0
s2876 1 0 0
s2877 3 2 2
s2878 3 2 2
s2879 3 2 2
s288 2 1 1
s2880 1 0 0
s2881 2 1 1
s2882 1 0 0
s2883 3 2 2
s2884 2 1 1
s2885 3 2 2
s2886 2 1 1
s2887 2 1 1
s2888 2 1 1
s2889 1 0 0
s289 2 1 1
s2890 2 1 1
s2891 2 1 1
s2892 3 2 2
s2893 3 2 2
s2894 3 2 2
s2895 1 0 0
s2896 1 0 0
s2897 3 2 2
s2898 1 0 0
s2899 2 1 1
s29 3 2 2
s290 2 1 1
s2900 2 1 1
s2901 2 1 1
s2902 3 2 2
s2903 1 0 0
s2904 1 0 0
s2905 1 0 0
s2906 3 2 2
s2907 3 2 2
s2908 3 2 2
s2909 1 0 0
s291 3 2 2
s2910 3 2 2
s2911 3 2 2
s2912 3 2 2
s2913 3 2 2
s2914 3 2 2
s2915 3 2 2
s2916 1 0 0
s2917 3 2 2
s2918 2 1 1
s2919 2 1 1
s292 3 2 2
s2920 1 0 0
s2921 2 1 1
s2922 3 2 2
s2923 2 1 1
s2924 3 2 2
s2925 1 0 0
s2926 3 2 2
s2927 3 2 2
s2928 3 2 2
s2929 3 2 2
s293 2 1 1
s2930 1 0 0
s2931 2 1 1
s2932 3 2 2
s2933 3 2 2
s2934 1 0 0
s2935 3 2 2
s2936 1 0 0
s2937 2 1 1
s2938 2 1 1
s2939 1 0 0
s294 3 2 2
s2940 3 2 2
s2941 1 0 0
s2942 2 1 1
s2943 1 0 0
s2944 3 2 2
s2945 3 2 2
s2946 1 0 0
s2947 1 0 0
s2948 3 2 2
s2949 3 2 2
s295 2 1 1
s2950 1 0 0
s2951 2 1 1
s2952 2 1 1
s2953 1 0 0
s2954 2 1 1
s2955 2 1 1
s2956 1 0 0
s2957 1 0 0
s2958 1 0 0
s2959 3 2 2
s296 1 0 0
s2960 1 0 0
s2961 3 2 2
s2962 1 0 0
s2963 2 1 1
s2964 1 0 0
s2965 1 0 0
s2966 3 2 2
s2967 2 1 1
s2968 1 0 0
s2969 2 1 1
s297 2 1 1
s2970 3 2 2
s2971 2 1 1
s2972 1 0 0
s2973 3 2 2
s2974 3 2 2
s2975 2 1 1
s2976 2 1 1
s2977 3 2 2
s2978 3 2 2
s2979 1 0 0
s298 1 0 0
s2980 2 1 1
s2981 1 0 0
s2982 3 2 2
s2983 1 0 0
s2984 1 0 0
s2985 1 0 0
s2986 1 0 0
s2987 1 0 0
s2988 3 2 2
s2989 1 0 0
s299 1 0 0
s2990 2 1 1
s2991 2 1 1
s2992 1 0 0
s2993 2 1 1
s2994 2 1 1
s2995 1 0 0
s2996 2 1 1
s2997 2 1 1
s2998 1 0 0
s2999 3 2 2
s3 2 1 1
s30 1 0 0
s300 1 0 0
s3000 3 2 2
s3001 2 1 1
s3002 2 1 1
s3003 1 0 0
s3004 3 2 2
s3005 3 2 2
s3006 3 2 2
s3007 2 1 1
s3008 3 2 2
s3009 1 0 0
s301 3 2 2
s3010 2 1 1
s3011 3 2 2
s3012 1 0 0
s3013 1 0 0
s3014 3 2 2
s3015 1 0 0
s3016 1 0 0
s3017 2 1 1
s3018 2 1 1
s3019 2 1 1
s302 1 0 0
s3020 3 2 2
s3021 1 0 0
s3022 2 1 1
s3023 3 2 2
s3024 3 2 2
s3025 3 2 2
s3026 2 1 1
s3027 1 0 0
s3028 2 1 1
s3029 2 1 1
s303 3 2 2
s3030 3 2 2
s3031 1 0 0
s3032 3 2 2
s3033 3 2 2
s3034 3 2 2
s3035 2 1 1
s3036 3 2 2
s3037 2 1 1
s3038 2 1 1
s3039 3 2 2
s304 3 2 2
s3040 3 2 2
s3041 3 2 2
s3042 1 0 0
s3043 3 2 2
s3044 2 1 1
s3045 1 0 0
s3046 1 0 0
s3047 1 0 0
s3048 3 2 2
s3049 3 2 2
s305 3 2 2
s3050 3 2 2
s3051 1 0 0
s3052 1 0 0
s3053 1 0 0
s3054 1 0 0
s3055 2 1 1
s3056 3 2 2
s3057 3 2 2
s3058 2 1 1
s3059 2 1 1
s306 3 2 2
s3060 3 2 2
s3061 3 2 2
s3062 2 1 1
s3063 3 2 2
s3064 2 1 1
s3065 1 0 0
s3066 1 0 0
s3067 3 2 2
s3068 3 2 2
s3069 3 2 2
s307 3 2 2
s3070 2 1 1
s3071 3 2 2
s3072 1 0 0
s3073 2 1 1
s3074 3 2 2
s3075 1 0 0
s3076 3 2 2
s3077 3 2 2
s3078 3 2 2
s3079 1 0 0
s308 3 2 2
s3080 1 0 0
s3081 3 2 2
s3082 2 1 1
s3083 3 2 2
s3084 2 1 1
s3085 2 1 1
s3086 3 2 2
s3087 2 1 1
s3088 2 1 1
s3089 3 2 2
s309 1 0 0
s3090 2 1 1
s3091 3 2 2
s3092 3 2 2
s3093 2 1 1
s3094 2 1 1
s3095 2 1 1
s3096 3 2 2
s3097 3 2 2
s3098 1 0 0
s3099 1 0 0
s31 1 0 0
s310 3 2 2
s3100 1 0 0
s3101 1 0 0
s3102 3 2 2
s3103 2 1 1
s3104 3 2 2
s3105 3 2 2
s3106 1 0 0
s3107 2 1 1
s3108 2 1 1
s3109 1 0 0
s311 1 0 0
s3110 2 1 1
s3111 3 2 2
s3112 1 0 0
s3113 3 2 2
s3114 2 1 1
s3115 3 2 2
s3116 2 1 1
s3117 2 1 1
s3118 1 0 0
s3119 2 1 1
s312 3 2 2
s3120 3 2 2
s3121 2 1 1
s3122 3 2 2
s3123 3 2 2
s3124 3 2 2
s3125 1 0 0
s3126 1 0 0
s3127 1 0 0
s3128 3 2 2
s3129 2 1 1
s313 2 1 1
s3130 3 2 2
s3131 1 0 0
s3132 1 0 0
s3133 3 2 2
s3134 3 2 2
s3135 2 1 1
s3136 3 2 2
s3137 3 2 2
s3138 2 1 1
s3139 2 1 1
s314 2 1 1
s3140 2 1 1
s3141 3 2 2
s3142 1 0 0
s3143 3 2 2
s3144 1 0 0
s3145 2 1 1
s3146 3 2 2
s3147 1 0 0
s3148 1 0 0
s3149 2 1 1
s315 3 2 2
s3150 2 1 1
s3151 1 0 0
s3152 3 2 2
s3153 1 0 0
s3154 1 0 0
s3155 2 1 1
s3156 1 0 0
s3157 3 2 2
s3158 2 1 1
s3159 3 2 2
s316 1 0 0
s3160 1 0 0
s3161 3 2 2
s3162 1 0 0
s3163 1 0 0
s3164 1 0 0
s3165 2 1 1
s3166 2 1 1
s3167 3 2 2
s3168 3 2 2
s3169 3 2 2
s317 1 0 0
s3170 2 1 1
s3171 2 1 1
s3172 1 0 0
s3173 3 2 2
s3174 1 0 0
s3175 2 1 1
s3176 3 2 2
s3177 2 1 1
s3178 3 2 2
s3179 3 2 2
s318 1 0 0
s3180 3 2 2
s3181 2 1 1
s3182 1 0 0
s3183 3 2 2
s3184 2 1 1
s3185 1 0 0
s3186 3 2 2
s3187 3 2 2
s3188 3 2 2
s3189 1 0 0
s319 2 1 1
s3190 2 1 1
s3191 3 2 2
s3192 1 0 0
s3193 1 0 0
s3194 3 2 2
s3195 1 0 0
s3196 1 0 0
s3197 1 0 0
s3198 2 1 1
s3199 2 1 1
s32 3 2 2
s320 1 0 0
s3200 2 1 1
s3201 1 0 0
s3202 1 0 0
s3203 1 0 0
s3204 1 0 0
s3205 2 1 1
s3206 3 2 2
s3207 2 1 1
s3208 3 2 2
s3209 2 1 1
s321 2 1 1
s3210 1 0 0
s3211 2 1 1
s3212 3 2 2
s3213 3 2 2
s3214 1 0 0
s3215 2 1 1
s3216 3 2 2
s3217 1 0 0
s3218 3 2 2
s3219 2 1 1
s322 1 0 0
s3220 2 1 1
s3221 3 2 2
s3222 3 2 2
s3223 3 2 2
s3224 2 1 1
s3225 3 2 2
s3226 1 0 0
s3227 2 1 1
s3228 1 0 0
s3229 3 2 2
s323 3 2 2
s3230 2 1 1
s3231 2 1 1
s3232 2 1 1
s3233 1 0 0
s3234 1 0 0
s3235 1 0 0
s3236 2 1 1
s3237 3 2 2
s3238 1 0 0
s3239 2 1 1
s324 1 0 0
s3240 1 0 0
s3241 2 1 1
s3242 3 2 2
s3243 2 1 1
s3244 2 1 1
s3245 1 0 0
s3246 2 1 1
s3247 2 1 1
s3248 2 1 1
s3249 2 1 1
s325 2 1 1
s3250 1 0 0
s3251 2 1 1
s3252 1 0 0
s3253 3 2 2
s3254 3 2 2
s3255 1 0 0
s3256 2 1 1
s3257 3 2 2
s3258 3 2 2
s3259 1 0 0
s326 1 0 0
s3260 2 1 1
s3261 3 2 2
s3262 3 2 2
s3263 1 0 0
s3264 2 1 1
s3265 2 1 1
s3266 3 2 2
s3267 1 0 0
s3268 2 1 1
s3269 1 0 0
s327 2 1 1
s3270 2 1 1
s3271 3 2 2
s3272 1 0 0
s3273 1 0 0
s3274 1 0 0
s3275 3 2 2
s3276 1 0 0
s3277 1 0 0
s3278 2 1 1
s3279 1 0 0
s328 3 2 2
s3280 1 0 0
s3281 1 0 0
s3282 3 2 2
s3283 3 2 2
s3284 1 0 0
s3285 2 1 1
s3286 2 1 1
s3287 3 2 2
s3288 2 1 1
s3289 3 2 2
s329 2 1 1
s3290 1 0 0
s3291 1 0 0
s3292 1 0 0
s3293 1 0 0
s3294 3 2 2
s3295 1 0 0
s3296 3 2 2
s3297 3 2 2
s3298 1 0 0
s3299 3 2 2
s33 2 1 1
s330 2 1 1
s3300 3 2 2
s3301 1 0 0
s3302 1 0 0
s3303 1 0 0
s3304 3 2 2
s3305 1 0 0
s3306 2 1 1
s3307 3 2 2
s3308 2 1 1
s3309 2 1 1
s331 2 1 1
s3310 3 2 2
s3311 2 1 1
s3312 3 2 2
s3313 1 0 0
s3314 2 1 1
s3315 3 2 2
s3316 3 2 2
s3317 2 1 1
s3318 2 1 1
s3319 3 2 2
s332 1 0 0
s3320 3 2 2
s3321 1 0 0
s3322 3 2 2
s3323 2 1 1
s3324 2 1 1
s3325 3 2 2
s3326 1 0 0
s3327 3 2 2
s3328 3 2 2
s3329 3 2 2
s333 1 0 0
s3330 1 0 0
s3331 1 0 0
s3332 1 0 0
s3333 2 1 1
s3334 1 0 0
s3335 3 2 2
s3336 1 0 0
s3337 2 1 1
s3338 2 1 1
s3339 3 2 2
s334 2 1 1
s3340 1 0 0
s3341 1 0 0
s3342 2 1 1
s3343 1 0 0
s3344 1 0 0
s3345 1 0 0
s3346 2 1 1
s3347 2 1 1
s3348 3 2 2
s3349 2 1 1
s335 3 2 2
s3350 1 0 0
s3351 2 1 1
s3352 2 1 1
s3353 2 1 1
s3354 1 0 0
s3355 1 0 0
s3356 2 1 1
s3357 3 2 2
s3358 2 1 1
s3359 2 1 1
s336 2 1 1
s3360 3 2 2
s3361 2 1 1
s3362 2 1 1
s3363 3 2 2
s3364 3 2 2
s3365 1 0 0
s3366 3 2 2
s3367 2 1 1
s3368 1 0 0
s3369 1 0 0
s337 1 0 0
s3370 1 0 0
s3371 1 0 0
s3372 2 1 1
s3373 1 0 0
s3374 3 2 2
s3375 1 0 0
s3376 1 0 0
s3377 3 2 2
s3378 3 2 2
s3379 1 0 0
s338 3 2 2
s3380 3 2 2
s3381 3 2 2
s3382 1 0 0
s3383 3 2 2
s3384 1 0 0
s3385 2 1 1
s3386 3 2 2
s3387 3 2 2
s3388 2 1 1
s3389 2 1 1
s339 2 1 1
s3390 3 2 2
s3391 1 0 0
s3392 1 0 0
s3393 2 1 1
s3394 1 0 0
s3395 1 0 0
s3396 2 1 1
s3397 2 1 1
s3398 1 0 0
s3399 3 2 2
s34 3 2 2
s340 3 2 2
s3400 2 1 1
s3401 1 0 0
s3402 1 0 0
s3403 3 2 2
s3404 2 1 1
s3405 1 0 0
s3406 3 2 2
s3407 2 1 1
s3408 2 1 1
s3409 3 2 2
s341 2 1 1
s3410 3 2 2
s3411 2 1 1
s3412 2 1 1
s3413 1 0 0
s3414 1 0 0
s3415 3 2 2
s3416 3 2 2
s3417 3 2 2
s3418 2 1 1
s3419 3 2 2
s342 2 1 1
s3420 3 2 2
s3421 1 0 0
s3422 3 2 2
s3423 1 0 0
s3424 1 0 0
s3425 1 0 0
s3426 1 0 0
s3427 3 2 2
s3428 2 1 1
s3429 2 1 1
s343 1 0 0
s3430 1 0 0
s3431 2 1 1
s3432 3 2 2
s3433 2 1 1
s3434 2 1 1
s3435 2 1 1
s3436 2 1 1
s3437 1 0 0
s3438 2 1 1
s3439 2 1 1
s344 3 2 2
s3440 3 2 2
s3441 1 0 0
s3442 1 0 0
s3443 1 0 0
s3444 3 2 2
s3445 2 1 1
s3446 3 2 2
s3447 1 0 0
s3448 2 1 1
s3449 2 1 1
s345 3 2 2
s3450 3 2 2
s3451 2 1 1
s3452 1 0 0
s3453 1 0 0
s3454 1 0 0
s3455 1 0 0
s3456 3 2 2
s3457 1 0 0
s3458 2 1 1
s3459 2 1 1
s346 1 0 0
s3460 2 1 1
s3461 3 2 2
s3462 1 0 0
s3463 3 2 2
s3464 2 1 1
s3465 1 0 0
s3466 3 2 2
s3467 3 2 2
s3468 1 0 0
s3469 3 2 2
s347 1 0 0
s3470 3 2 2
s3471 1 0 0
s3472 3 2 2
s3473 3 2 2
s3474 1 0 0
s3475 3 2 2
s3476 3 2 2
s3477 1 0 0
s3478 3 2 2
s3479 3 2 2
s348 1 0 0
s3480 2 1 1
s3481 3 2 2
s3482 2 1 1
s3483 2 1 1
s3484 3 2 2
s3485 1 0 0
s3486 1 0 0
s3487 1 0 0
s3488 3 2 2
s3489 3 2 2
s349 1 0 0
s3490 2 1 1
s3491 3 2 2
s3492 3 2 2
s3493 3 2 2
s3494 1 0 0
s3495 2 1 1
s3496 3 2 2
s3497 2 1 1
s3498 2 1 1
s3499 3 2 2
s35 1 0 0
s350 2 1 1
s3500 1 0 0
s3501 1 0 0
s3502 1 0 0
s3503 3 2 2
s3504 3 2 2
s3505 3 2 2
s3506 1 0 0
s3507 3 2 2
s3508 3 2 2
s3509 3 2 2
s351 1 0 0
s3510 1 0 0
s3511 2 1 1
s3512 1 0 0
s3513 2 1 1
s3514 1 0 0
s3515 1 0 0
s3516 1 0 0
s3517 1 0 0
s3518 1 0 0
s3519 1 0 0
s352 3 2 2
s3520 2 1 1
s3521 1 0 0
s3522 2 1 1
s3523 3 2 2
s3524 3 2 2
s3525 1 0 0
s3526 2 1 1
s3527 3 2 2
s3528 2 1 1
s3529 3 2 2
s353 1 0 0
s3530 1 0 0
s3531 3 2 2
s3532 3 2 2
s3533 3 2 2
s3534 2 1 1
s3535 1 0 0
s3536 1 0 0
s3537 2 1 1
s3538 2 1 1
s3539 2 1 1
s354 1 0 0
s3540 2 1 1
s3541 1 0 0
s3542 2 1 1
s3543 2 1 1
s3544 1 0 0
s3545 2 1 1
s3546 2 1 1
s3547 3 2 2
s3548 2 1 1
s3549 2 1 1
s355 2 1 1
s3550 2 1 1
s3551 3 2 2
s3552 1 0 0
s3553 3 2 2
s3554 3 2 2
s3555 3 2 2
s3556 3 2 2
s3557 2 1 1
s3558 3 2 2
s3559 2 1 1
s356 1 0 0
s3560 3 2 2
s3561 1 0 0
s3562 1 0 0
s3563 3 2 2
s3564 1 0 0
s3565 2 1 1
s3566 1 0 0
s3567 3 2 2
s3568 2 1 1
s3569 1 0 0
s357 3 2 2
s3570 2 1 1
s3571 1 0 0
s3572 1 0 0
s3573 1 0 0
s3574 3 2 2
s3575 2 1 1
s3576 2 1 1
s3577 2 1 1
s3578 3 2 2
s3579 3 2 2
s358 2 1 1
s3580 2 1 1
s3581 3 2 2
s3582 1 0 0
s3583 2 1 1
s3584 1 0 0
s3585 3 2 2
s3586 2 1 1
s3587 2 1 1
s3588 3 2 2
s3589 2 1 1
s359 2 1 1
s3590 3 2 2
s3591 2 1 1
s3592 2 1 1
s3593 1 0 0
s3594 3 2 2
s3595 2 1 1
s3596 2 1 1
s3597 3 2 2
s3598 1 0 0
s3599 3 2 2
s36 1 0 0
s360 3 2 2
s3600 3 2 2
s3601 2 1 1
s3602 1 0 0
s3603 1 0 0
s3604 2 1 1
s3605 3 2 2
s3606 3 2 2
s3607 2 1 1
s3608 3 2 2
s3609 2 1 1
s361 2 1 1
s3610 2 1 1
s3611 1 0 0
s3612 3 2 2
s3613 1 0 0
s3614 1 0 0
s3615 3 2 2
s3616 2 1 1
s3617 3 2 2
s3618 3 2 2
s3619 3 2 2
s362 1 0 0
s3620 3 2 2
s3621 2 1 1
s3622 3 2 2
s3623 3 2 2
s3624 1 0 0
s3625 1 0 0
s3626 2 1 1
s3627 1 0 0
s3628 2 1 1
s3629 1 0 0
s363 1 0 0
s3630 3 2 2
s3631 1 0 0
s3632 3 2 2
s3633 1 0 0
s3634 1 0 0
s3635 1 0 0
s3636 1 0 0
s3637 2 1 1
s3638 3 2 2
s3639 3 2 2
s364 2 1 1
s3640 1 0 0
s3641 2 1 1
s3642 2 1 1
s3643 3 2 2
s3644 1 0 0
s3645 1 0 0
s3646 3 2 2
s3647 2 1 1
s3648 2 1 1
s3649 2 1 1
s365 3 2 2
s3650 2 1 1
s3651 3 2 2
s3652 2 1 1
s3653 2 1 1
s3654 2 1 1
s3655 3 2 2
s3656 3 2 2
s3657 2 1 1
s3658 1 0 0
s3659 2 1 1
s366 3 2 2
s3660 3 2 2
s3661 2 1 1
s3662 1 0 0
s3663 3 2 2
s3664 2 1 1
s3665 1 0 0
s3666 2 1 1
s3667 3 2 2
s3668 3 2 2
s3669 1 0 0
s367 2 1 1
s3670 2 1 1
s3671 1 0 0
s3672 1 0 0
s3673 1 0 0
s3674 1 0 0
s3675 2 1 1
s3676 1 0 0
s3677 2 1 1
s3678 3 2 2
s3679 2 1 1
s368 2 1 1
s3680 3 2 2
s3681 2 1 1
s3682 3 2 2
s3683 2 1 1
s3684 3 2 2
s3685 3 2 2
s3686 1 0 0
s3687 1 0 0
s3688 3 2 2
s3689 2 1 1
s369 3 2 2
s3690 1 0 0
s3691 1 0 0
s3692 1 0 0
s3693 3 2 2
s3694 2 1 1
s3695 3 2 2
s3696 1 0 0
s3697 1 0 0
s3698 1 0 0
s3699 2 1 1
s37 2 1 1
s370 1 0 0
s3700 2 1 1
s3701 1 0 0
s3702 1 0 0
s3703 3 2 2
s3704 1 0 0
s3705 1 0 0
s3706 1 0 0
s3707 1 0 0
s3708 3 2 2
s3709 2 1 1
s371 1 0 0
s3710 2 1 1
s3711 3 2 2
s3712 2 1 1
s3713 3 2 2
s3714 1 0 0
s3715 3 2 2
s3716 1 0 0
s3717 1 0 0
s3718 1 0 0
s3719 1 0 0
s372 3 2 2
s3720 1 0 0
s3721 2 1 1
s3722 3 2 2
s3723 2 1 1
s3724 1 0 0
s3725 3 2 2
s3726 1 0 0
s3727 2 1 1
s3728 2 1 1
s3729 2 1 1
s373 2 1 1
s3730 3 2 2
s3731 3 2 2
s3732 3 2 2
s3733 1 0 0
s3734 2 1 1
s3735 2 1 1
s3736 3 2 2
s3737 2 1 1
s3738 1 0 0
s3739 3 2 2
s374 3 2 2
s3740 2 1 1
s3741 3 2 2
s3742 2 1 1
s3743 1 0 0
s3744 3 2 2
s3745 2 1 1
s3746 3 2 2
s3747 3 2 2
s3748 3 2 2
s3749 3 2 2
s375 1 0 0
s3750 3 2 2
s3751 1 0 0
s3752 2 1 1
s3753 3 2 2
s3754 3 2 2
s3755 1 0 0
s3756 3 2 2
s3757 2 1 1
s3758 1 0 0
s3759 2 1 1
s376 2 1 1
s3760 1 0 0
s3761 2 1 1
s3762 2 1 1
s3763 2 1 1
s3764 1 0 0
s3765 2 1 1
s3766 1 0 0
s3767 3 2 2
s3768 2 1 1
s3769 2 1 1
s377 1 0 0
s3770 2 1 1
s3771 1 0 0
s3772 3 2 2
s3773 1 0 0
s3774 3 2 2
s3775 1 0 0
s3776 3 2 2
s3777 3 2 2
s3778 1 0 0
s3779 3 2 2
s378 2 1 1
s3780 1 0 0
s3781 1 0 0
s3782 1 0 0
s3783 2 1 1
s3784 3 2 2
s3785 3 2 2
s3786 1 0 0
s3787 1 0 0
s3788 2 1 1
s3789 1 0 0
s379 2 1 1
s3790 2 1 1
s3791 1 0 0
s3792 1 0 0
s3793 1 0 0
s3794 1 0 0
s3795 2 1 1
s3796 3 2 2
s3797 3 2 2
s3798 2 1 1
s3799 2 1 1
s38 3 2 2
s380 2 1 1
s3800 2 1 1
s3801 2 1 1
s3802 3 2 2
s3803 3 2 2
s3804 2 1 1
s3805 3 2 2
s3806 3 2 2
s3807 3 2 2
s3808 3 2 2
s3809 2 1 1
s381 1 0 0
s3810 1 0 0
s3811 3 2 2
s3812 2 1 1
s3813 2 1 1
s3814 2 1 1
s3815 1 0 0
s3816 3 2 2
s3817 3 2 2
s3818 2 1 1
s3819 1 0 0
s382 3 2 2
s3820 2 1 1
s3821 1 0 0
s3822 1 0 0
s3823 1 0 0
s3824 3 2 2
s3825 1 0 0
s3826 3 2 2
s3827 1 0 0
s3828 1 0 0
s3829 1 0 0
s383 1 0 0
s3830 1 0 0
s3831 3 2 2
s3832 1 0 0
s3833 2 1 1
s3834 1 0 0
s3835 2 1 1
s3836 1 0 0
s3837 3 2 2
s3838 3 2 2
s3839 1 0 0
s384 2 1 1
s3840 1 0 0
s3841 3 2 2
s3842 1 0 0
s3843 2 1 1
s3844 1 0 0
s3845 2 1 1
s3846 1 0 0
s3847 1 0 0
s3848 1 0 0
s3849 3 2 2
s385 3 2 2
s3850 1 0 0
s3851 1 0 0
s3852 3 2 2
s3853 2 1 1
s3854 2 1 1
s3855 1 0 0
s3856 2 1 1
s3857 2 1 1
s3858 3 2 2
s3859 3 2 2
s386 1 0 0
s3860 2 1 1
s3861 1 0 0
s3862 3 2 2
s3863 2 1 1
s3864 3 2 2
s3865 3 2 2
s3866 1 0 0
s3867 3 2 2
s3868 3 2 2
s3869 2 1 1
s387 1 0 0
s3870 1 0 0
s3871 1 0 0
s3872 2 1 1
s3873 3 2 2
s3874 3 2 2
s3875 3 2 2
s3876 3 2 2
s3877 1 0 0
s3878 3 2 2
s3879 3 2 2
s388 1 0 0
s3880 3 2 2
s3881 1 0 0
s3882 2 1 1
s3883 3 2 2
s3884 3 2 2
s3885 1 0 0
s3886 1 0 0
s3887 2 1 1
s3888 1 0 0
s3889 2 1 1
s389 3 2 2
s3890 2 1 1
s3891 2 1 1
s3892 2 1 1
s3893 1 0 0
s3894 3 2 2
s3895 2 1 1
s3896 3 2 2
s3897 2 1 1
s3898 3 2 2
s3899 2 1 1
s39 3 2 2
s390 1 0 0
s3900 3 2 2
s3901 1 0 0
s3902 2 1 1
s3903 3 2 2
s3904 1 0 0
s3905 1 0 0
s3906 2 1 1
s3907 3 2 2
s3908 2 1 1
s3909 3 2 2
s391 2 1 1
s3910 2 1 1
s3911 1 0 0
s3912 1 0 0
s3913 3 2 2
s3914 1 0 0
s3915 2 1 1
s3916 1 0 0
s3917 3 2 2
s3918 1 0 0
s3919 3 2 2
s392 1 0 0
s3920 1 0 0
s3921 3 2 2
s3922 2 1 1
s3923 3 2 2
s3924 3 2 2
s3925 2 1 1
s3926 1 0 0
s3927 1 0 0
s3928 1 0 0
s3929 3 2 2
s393 2 1 1
s3930 3 2 2
s3931 1 0 0
s3932 1 0 0
s3933 2 1 1
s3934 1 0 0
s3935 1 0 0
s3936 2 1 1
s3937 3 2 2
s3938 3 2 2
s3939 3 2 2
s394 3 2 2
s3940 1 0 0
s3941 2 1 1
s3942 3 2 2
s3943 2 1 1
s3944 2 1 1
s3945 3 2 2
s3946 3 2 2
s3947 1 0 0
s3948 2 1 1
s3949 1 0 0
s395 3 2 2
s3950 1 0 0
s3951 1 0 0
s3952 1 0 0
s3953 3 2 2
s3954 2 1 1
s3955 1 0 0
s3956 2 1 1
s3957 1 0 0
s3958 3 2 2
s3959 2 1 1
s396 3 2 2
s3960 3 2 2
s3961 2 1 1
s3962 1 0 0
s3963 2 1 1
s3964 1 0 0
s3965 2 1 1
s3966 2 1 1
s3967 1 0 0
s3968 2 1 1
s3969 2 1 1
s397 2 1 1
s3970 1 0 0
s3971 3 2 2
s3972 3 2 2
s3973 2 1 1
s3974 1 0 0
s3975 1 0 0
s3976 1 0 0
s3977 1 0 0
s3978 1 0 0
s3979 3 2 2
s398 2 1 1
s3980 3 2 2
s3981 3 2 2
s3982 3 2 2
s3983 2 1 1
s3984 1 0 0
s3985 2 1 1
s3986 1 0 0
s3987 3 2 2
s3988 2 1 1
s3989 1 0 0
s399 2 1 1
s3990 2 1 1
s3991 3 2 2
s3992 1 0 0
s3993 1 0 0
s3994 3 2 2
s3995 2 1 1
s3996 2 1 1
s3997 1 0 0
s3998 1 0 0
s4 3 2 2
s40 1 0 0
s400 1 0 0
s401 2 1 1
s402 1 0 0
s403 2 1 1
s404 3 2 2
s405 1 0 0
s406 3 2 2
s407 2 1 1
s408 3 2 2
s409 1 0 0
s41 3 2 2
s410 2 1 1
s411 1 0 0
s412 3 2 2
s413 3 2 2
s414 3 2 2
s415 2 1 1
s416 1 0 0
s417 3 2 2
s418 3 2 2
s419 2 1 1
s42 2 1 1
s420 3 2 2
s421 1 0 0
s422 1 0 0
s423 2 1 1
s424 1 0 0
s425 2 1 1
s426 2 1 1
s427 2 1 1
s428 3 2 2
s429 1 0 0
s43 2 1 1
s430 3 2 2
s431 2 1 1
s432 2 1 1
s433 2 1 1
s434 3 2 2
s435 2 1 1
s436 3 2 2
s437 2 1 1
s438 1 0 0
s439 2 1 1
s44 3 2 2
s440 1 0 0
s441 1 0 0
s442 2 1 1
s443 3 2 2
s444 2 1 1
s445 1 0 0
s446 2 1 1
s447 3 2 2
s448 3 2 2
s449 1 0 0
s45 2 1 1
s450 3 2 2
s451 2 1 1
s452 3 2 2
s453 2 1 1
s454 3 2 2
s455 3 2 2
s456 1 0 0
s457 3 2 2
s458 3 2 2
s459 3 2 2
s46 2 1 1
s460 3 2 2
s461 2 1 1
s462 1 0 0
s463 3 2 2
s464 3 2 2
s465 1 0 0
s466 2 1 1
s467 2 1 1
s468 3 2 2
s469 3 2 2
s47 3 2 2
s470 3 2 2
s471 2 1 1
s472 1 0 0
s473 3 2 2
s474 1 0 0
s475 2 1 1
s476 1 0 0
s477 3 2 2
s478 2 1 1
s479 1 0 0
s48 1 0 0
s480 2 1 1
s481 1 0 0
s482 2 1 1
s483 3 2 2
s484 3 2 2
s485 2 1 1
s486 2 1 1
s487 2 1 1
s488 1 0 0
s489 1 0 0
s49 2 1 1
s490 1 0 0
s491 3 2 2
s492 2 1 1
s493 1 0 0
s494 3 2 2
s495 2 1 1
s496 3 2 2
s497 2 1 1
s498 2 1 1
s499 2 1 1
s5 2 1 1
s50 2 1 1
s500 1 0 0
s501 1 0 0
s502 3 2 2
s503 1 0 0
s504 2 1 1
s505 2 1 1
s506 3 2 2
s507 1 0 0
s508 2 1 1
s509 1 0 0
s51 1 0 0
s510 2 1 1
s511 3 2 2
s512 3 2 2
s513 3 2 2
s514 2 1 1
s515 3 2 2
s516 2 1 1
s517 3 2 2
s518 3 2 2
s519 2 1 1
s52 1 0 0
s520 3 2 2
s521 1 0 0
s522 1 0 0
s523 3 2 2
s524 2 1 1
s525 2 1 1
s526 3 2 2
s527 1 0 0
s528 1 0 0
s529 1 0 0
s53 2 1 1
s530 3 2 2
s531 1 0 0
s532 2 1 1
s533 3 2 2
s534 3 2 2
s535 2 1 1
s536 1 0 0
s537 2 1 1
s538 2 1 1
s539 2 1 1
s54 1 0 0
s540 2 1 1
s541 2 1 1
s542 2 1 1
s543 3 2 2
s544 1 0 0
s545 3 2 2
s546 3 2 2
s547 3 2 2
s548 3 2 2
s549 2 1 1
s55 2 1 1
s550 2 1 1
s551 2 1 1
s552 3 2 2
s553 2 1 1
s554 1 0 0
s555 2 1 1
s556 3 2 2
s557 1 0 0
s558 1 0 0
s559 1 0 0
s56 1 0 0
s560 2 1 1
s561 3 2 2
s562 2 1 1
s563 2 1 1
s564 3 2 2
s565 2 1 1
s566 3 2 2
s567 3 2 2
s568 3 2 2
s569 3 2 2
s57 1 0 0
s570 2 1 1
s571 3 2 2
s572 3 2 2
s573 1 0 0
s574 2 1 1
s575 3 2 2
s576 2 1 1
s577 2 1 1
s578 3 2 2
s579 1 0 0
s58 2 1 1
s580 3 2 2
s581 1 0 0
s582 1 0 0
s583 1 0 0
s584 2 1 1
s585 3 2 2
s586 2 1 1
s587 3 2 2
s588 1 0 0
s589 3 2 2
s59 1 0 0
s590 2 1 1
s591 3 2 2
s592 3 2 2
s593 2 1 1
s594 3 2 2
s595 2 1 1
s596 3 2 2
s597 1 0 0
s598 1 0 0
s599 3 2 2
s6 3 2 2
s60 1 0 0
s600 2 1 1
s601 3 2 2
s602 2 1 1
s603 2 1 1
s604 3 2 2
s605 1 0 0
s606 1 0 0
s607 1 0 0
s608 2 1 1
s609 2 1 1
s61 1 0 0
s610 2 1 1
s611 3 2 2
s612 1 0 0
s613 3 2 2
s614 3 2 2
s615 2 1 1
s616 2 1 1
s617 3 2 2
s618 2 1 1
s619 2 1 1
s62 2 1 1
s620 3 2 2
s621 2 1 1
s622 2 1 1
s623 3 2 2
s624 1 0 0
s625 2 1 1
s626 3 2 2
s627 1 0 0
s628 2 1 1
s629 3 2 2
s63 3 2 2
s630 3 2 2
s631 3 2 2
s632 2 1 1
s633 1 0 0
s634 3 2 2
s635 2 1 1
s636 3 2 2
s637 2 1 1
s638 2 1 1
s639 2 1 1
s64 3 2 2
s640 2 1 1
s641 2 1 1
s642 1 0 0
s643 3 2 2
s644 2 1 1
s645 1 0 0
s646 2 1 1
s647 3 2 2
s648 3 2 2
s649 3 2 2
s65 2 1 1
s650 3 2 2
s651 3 2 2
s652 3 2 2
s653 3 2 2
s654 3 2 2
s655 3 2 2
s656 2 1 1
s657 3 2 2
s658 3 2 2
s659 1 0 0
s66 2 1 1
s660 2 1 1
s661 1 0 0
s662 1 0 0
s663 2 1 1
s664 3 2 2
s665 1 0 0
s666 3 2 2
s667 2 1 1
s668 1 0 0
s669 3 2 2
s67 2 1 1
s670 1 0 0
s671 1 0 0
s672 2 1 1
s673 2 1 1
s674 3 2 2
s675 1 0 0
s676 3 2 2
s677 2 1 1
s678 1 0 0
s679 1 0 0
s68 1 0 0
s680 2 1 1
s681 2 1 1
s682 3 2 2
s683 2 1 1
s684 1 0 0
s685 1 0 0
s686 1 0 0
s687 3 2 2
s688 3 2 2
s689 3 2 2
s69 2 1 1
s690 3 2 2
s691 2 1 1
s692 1 0 0
s693 1 0 0
s694 1 0 0
s695 2 1 1
s696 3 2 2
s697 3 2 2
s698 1 0 0
s699 1 0 0
s7 1 0 0
s70 1 0 0
s700 1 0 0
s701 3 2 2
s702 3 2 2
s703 3 2 2
s704 2 1 1
s705 3 2 2
s706 3 2 2
s707 3 2 2
s708 3 2 2
s709 1 0 0
s71 3 2 2
s710 3 2 2
s711 2 1 1
s712 2 1 1
s713 3 2 2
s714 3 2 2
s715 2 1 1
s716 3 2 2
s717 1 0 0
s718 3 2 2
s719 3 2 2
s72 3 2 2
s720 3 2 2
s721 2 1 1
s722 2 1 1
s723 3 2 2
s724 2 1 1
s725 1 0 0
s726 1 0 0
s727 3 2 2
s728 3 2 2
s729 1 0 0
s73 1 0 0
s730 2 1 1
s731 3 2 2
s732 3 2 2
s733 3 2 2
s734 3 2 2
s735 1 0 0
s736 2 1 1
s737 1 0 0
s738 3 2 2
s739 2 1 1
s74 2 1 1
s740 3 2 2
s741 2 1 1
s742 1 0 0
s743 2 1 1
s744 2 1 1
s745 1 0 0
s746 3 2 2
s747 2 1 1
s748 3 2 2
s749 3 2 2
s75 3 2 2
s750 3 2 2
s751 3 2 2
s752 1 0 0
s753 1 0 0
s754 2 1 1
s755 1 0 0
s756 3 2 2
s757 2 1 1
s758 2 1 1
s759 2 1 1
s76 2 1 1
s760 3 2 2
s761 3 2 2
s762 1 0 0
s763 2 1 1
s764 3 2 2
s765 1 0 0
s766 3 2 2
s767 3 2 2
s768 1 0 0
s769 1 0 0
s77 2 1 1
s770 1 0 0
s771 1 0 0
s772 1 0 0
s773 1 0 0
s774 2 1 1
s775 2 1 1
s776 3 2 2
s777 1 0 0
s778 1 0 0
s779 2 1 1
s78 2 1 1
s780 3 2 2
s781 2 1 1
s782 3 2 2
s783 2 1 1
s784 2 1 1
s785 1 0 0
s786 3 2 2
s787 2 1 1
s788 2 1 1
s789 2 1 1
s79 1 0 0
s790 3 2 2
s791 3 2 2
s792 3 2 2
s793 2 1 1
s794 3 2 2
s795 3 2 2
s796 2 1 1
s797 3 2 2
s798 1 0 0
s799 1 0 0
s8 3 2 2
s80 3 2 2
s800 1 0 0
s801 3 2 2
s802 2 1 1
s803 1 0 0
s804 2 1 1
s805 2 1 1
s806 2 1 1
s807 1 0 0
s808 3 2 2
s809 1 0 0
s81 2 1 1
s810 3 2 2
s811 1 0 0
s812 2 1 1
s813 1 0 0
s814 2 1 1
s815 2 1 1
s816 2 1 1
s817 2 1 1
s818 3 2 2
s819 2 1 1
s82 3 2 2
s820 1 0 0
s821 2 1 1
s822 1 0 0
s823 2 1 1
s824 2 1 1
s825 1 0 0
s826 1 0 0
s827 1 0 0
s828 3 2 2
s829 3 2 2
s83 1 0 0
s830 2 1 1
s831 3 2 2
s832 3 2 2
s833 2 1 1
s834 2 1 1
s835 1 0 0
s836 3 2 2
s837 3 2 2
s838 3 2 2
s839 2 1 1
s84 2 1 1
s840 2 1 1
s841 1 0 0
s842 3 2 2
s843 3 2 2
s844 1 0 0
s845 1 0 0
s846 2 1 1
s847 2 1 1
s848 3 2 2
s849 2 1 1
s85 3 2 2
s850 1 0 0
s851 3 2 2
s852 3 2 2
s853 3 2 2
s854 2 1 1
s855 1 0 0
s856 3 2 2
s857 3 2 2
s858 1 0 0
s859 1 0 0
s86 1 0 0
s860 3 2 2
s861 2 1 1
s862 2 1 1
s863 2 1 1
s864 2 1 1
s865 1 0 0
s866 3 2 2
s867 2 1 1
s868 2 1 1
s869 2 1 1
s87 2 1 1
s870 3 2 2
s871 2 1 1
s872 2 1 1
s873 1 0 0
s874 2 1 1
s875 1 0 0
s876 2 1 1
s877 1 0 0
s878 1 0 0
s879 3 2 2
s88 2 1 1
s880 3 2 2
s881 2 1 1
s882 1 0 0
s883 1 0 0
s884 2 1 1
s885 3 2 2
s886 3 2 2
s887 2 1 1
s888 3 2 2
s889 3 2 2
s89 1 0 0
s890 1 0 0
s891 2 1 1
s892 3 2 2
s893 3 2 2
s894 1 0 0
s895 3 2 2
s896 2 1 1
s897 2 1 1
s898 3 2 2
s899 1 0 0
s9 2 1 1
s90 2 1 1
s900 3 2 2
s901 3 2 2
s902 3 2 2
s903 2 1 1
s904 1 0 0
s905 3 2 2
s906 1 0 0
s907 1 0 0
s908 2 1 1
s909 1 0 0
s91 2 1 1
s910 3 2 2
s911 2 1 1
s912 2 1 1
s913 1 0 0
s914 3 2 2
s915 2 1 1
s916 3 2 2
s917 1 0 0
s918 2 1 1
s919 3 2 2
s92 2 1 1
s920 3 2 2
s921 2 1 1
s922 2 1 1
s923 2 1 1
s924 3 2 2
s925 2 1 1
s926 3 2 2
s927 2 1 1
s928 3 2 2
s929 1 0 0
s93 2 1 1
s930 1 0 0
s931 1 0 0
s932 1 0 0
s933 3 2 2
s934 3 2 2
s935 2 1 1
s936 1 0 0
s937 3 2 2
s938 3 2 2
s939 3 2 2
s94 3 2 2
s940 3 2 2
s941 1 0 0
s942 3 2 2
s943 2 1 1
s944 2 1 1
s945 3 2 2
s946 1 0 0
s947 3 2 2
s948 1 0 0
s949 1 0 0
s95 2 1 1
s950 2 1 1
s951 3 2 2
s952 2 1 1
s953 1 0 0
s954 2 1 1
s955 3 2 2
s956 3 2 2
s957 3 2 2
s958 3 2 2
s959 3 2 2
s96 1 0 0
s960 1 0 0
s961 1 0 0
s962 1 0 0
s963 1 0 0
s964 2 1 1
s965 1 0 0
s966 1 0 0
s967 1 0 0
s968 2 1 1
s969 3 2 2
s97 1 0 0
s970 3 2 2
s971 1 0 0
s972 1 0 0
s973 1 0 0
s974 2 1 1
s975 1 0 0
s976 1 0 0
s977 2 1 1
s978 3 2 2
s979 2 1 1
s98 2 1 1
s980 1 0 0
s981 1 0 0
s982 3 2 2
s983 2 1 1
s984 2 1 1
s985 1 0 0
s986 1 0 0
s987 1 0 0
s988 3 2 2
s989 2 1 1
s99 2 1 1
s990 3 2 2
s991 1 0 0
s992 1 0 0
s993 1 0 0
s994 1 0 0
s995 1 0 0
s996 3 2 2
s997 2 1 1
s998 3 2 2
s999 1 0 0
